[?25l[0m                                                                   [0m
                                                                   [0m
                                                                   [0m
                                                                   [0m
                          [38;2;39;46;54m▄[38;2;81;88;96m▄[38;2;115;122;134m▄[38;2;160;169;184m▄[38;2;159;168;181m▄[38;2;159;170;181m▄[38;2;157;168;179m▄[38;2;156;168;179m▄▄[38;2;156;168;180m▄[38;2;155;167;179m▄[38;2;157;168;182m▄[38;2;111;121;133m▄[38;2;77;84;93m▄[0m                           [0m
                     [38;2;109;120;131m▄[38;2;182;192;199m▄[38;2;212;220;226m▄[38;2;215;223;229;48;2;120;127;144m▄[38;2;215;223;226;48;2;184;197;205m▄[38;2;217;223;226;48;2;203;214;221m▄[48;2;215;223;230m▄[48;2;215;222;229m▄[38;2;218;223;226;48;2;215;220;227m▄[38;2;217;223;226;48;2;218;224;229m▄[38;2;218;224;226;48;2;218;225;228m▄[48;2;216;225;227m▄▄[48;2;216;224;228m▄[48;2;216;224;229m▄[38;2;217;223;226m▄[38;2;217;224;227;48;2;214;223;229m▄[38;2;218;224;227;48;2;214;223;232m▄[38;2;217;224;227;48;2;213;223;231m▄[48;2;199;210;218m▄[38;2;217;224;228;48;2;184;194;205m▄[38;2;216;225;230;48;2;116;124;137m▄[0m[38;2;210;221;225m▄[38;2;182;193;198m▄[38;2;107;116;126m▄[38;2;33;40;53m▄[0m                  [38;2;35;49;69m▄[0m [0m
                 [38;2;111;115;135m▄[38;2;195;202;216m▄[38;2;214;222;229;48;2;140;148;161m▄[38;2;215;224;226;48;2;191;202;214m▄[38;2;217;225;223;48;2;213;223;230m▄[38;2;218;225;225;48;2;215;224;226m▄[38;2;218;224;227;48;2;216;224;226m▄[48;2;217;223;226m▄[38;2;210;217;219m▄[38;2;196;203;205;48;2;217;223;225m▄[38;2;215;222;225;48;2;218;224;227m▄[38;2;218;224;227m▄▄▄▄▄▄▄[38;2;217;224;227m▄[38;2;217;224;226m▄[38;2;217;225;227m▄[38;2;209;217;219;48;2;217;224;226m▄[38;2;206;214;216m▄[38;2;210;217;220;48;2;217;224;227m▄[38;2;218;224;227;48;2;218;224;227m▄[38;2;217;224;227m▄[38;2;216;223;225;48;2;217;224;227m▄[38;2;217;223;223;48;2;216;224;226m▄[38;2;218;223;221;48;2;214;222;228m▄[38;2;218;223;226;48;2;194;201;214m▄[38;2;216;224;230;48;2;141;150;162m▄[0m[38;2;195;205;216m▄[38;2;109;115;134m▄[0m                 [0m
              [38;2;81;88;96m▄[38;2;206;213;225m▄[38;2;216;221;229;48;2;170;178;191m▄[38;2;215;223;227;48;2;215;223;229m▄[38;2;216;224;227;48;2;215;223;228m▄[38;2;214;223;224;48;2;215;224;225m▄[38;2;216;224;224;48;2;215;224;223m▄▄[38;2;217;224;226;48;2;216;224;225m▄[38;2;218;224;227;48;2;218;224;227m▄▄[48;2;213;219;224m▄[48;2;204;210;215m▄[38;2;217;223;227;48;2;215;221;225m▄[38;2;218;224;227;48;2;218;224;227m▄▄▄▄▄▄▄[38;2;217;224;227;48;2;217;224;227m▄[38;2;217;226;228;48;2;215;224;225m▄[38;2;175;186;188;48;2;204;214;216m▄[38;2;184;195;199;48;2;171;180;183m▄[38;2;186;197;200;48;2;180;189;193m▄[38;2;189;198;203;48;2;175;183;187m▄[38;2;198;206;210;48;2;211;219;223m▄[38;2;216;224;227;48;2;216;225;227m▄[38;2;217;224;226;48;2;216;223;225m▄[38;2;217;223;226;48;2;217;223;224m▄▄[38;2;218;224;226;48;2;218;224;226m▄[38;2;218;224;227;48;2;217;223;226m▄[38;2;217;224;226;48;2;216;223;226m▄[38;2;217;223;226;48;2;215;222;226m▄[38;2;216;223;230;48;2;170;179;192m▄[0m[38;2;205;214;226m▄[38;2;79;86;93m▄[0m              [0m
            [38;2;150;164;176m▄[38;2;211;226;230;48;2;135;145;158m▄[38;2;216;223;227;48;2;208;216;224m▄[38;2;217;222;227;48;2;217;222;227m▄[38;2;218;223;227;48;2;218;223;224m▄[38;2;216;221;224;48;2;217;223;225m▄[38;2;213;218;222;48;2;218;224;226m▄[38;2;213;219;222;48;2;217;223;224m▄[38;2;214;219;223;48;2;218;225;225m▄[38;2;217;222;226;48;2;217;223;224m▄[38;2;219;224;226;48;2;218;224;225m▄[48;2;218;223;225m▄[38;2;218;224;224;48;2;218;224;226m▄[38;2;217;224;226;48;2;217;224;226m▄[38;2;216;225;227;48;2;217;224;227m▄[38;2;216;224;226;48;2;217;224;226m▄[38;2;215;221;224;48;2;218;224;227m▄[38;2;216;223;225;48;2;218;225;227m▄[38;2;217;223;226;48;2;218;224;227m▄[38;2;218;224;227m▄▄▄▄[48;2;217;224;227m▄[38;2;218;224;226;48;2;216;224;226m▄[38;2;214;220;223;48;2;187;196;198m▄[38;2;195;202;204;48;2;187;197;200m▄[38;2;193;199;201;48;2;188;198;201m▄[38;2;196;202;204;48;2;188;197;200m▄[38;2;214;221;223;48;2;197;205;209m▄[38;2;217;223;225;48;2;216;224;227m▄[38;2;217;223;226;48;2;217;224;226m▄[38;2;218;224;227;48;2;218;224;227m▄▄▄[48;2;217;223;226m▄[38;2;218;224;226;48;2;217;223;225m▄[38;2;218;225;225;48;2;217;223;224m▄[38;2;217;223;223m▄[38;2;217;224;223;48;2;216;223;226m▄[48;2;209;219;226m▄[38;2;216;224;230;48;2;139;149;162m▄[0m[38;2;154;164;173m▄[0m            [0m
          [38;2;147;157;165m▄[38;2;213;224;233;48;2;150;161;176m▄[38;2;216;226;228;48;2;210;225;232m▄[38;2;216;226;223;48;2;213;227;224m▄[38;2;217;225;229;48;2;218;224;228m▄[38;2;187;196;202;48;2;215;223;229m▄[38;2;156;165;172;48;2;201;210;216m▄[38;2;161;171;177;48;2;169;177;183m▄[38;2;177;188;195;48;2;156;166;174m▄[38;2;181;193;200;48;2;158;167;176m▄[38;2;180;194;200;48;2;158;168;176m▄[38;2;174;187;195;48;2;175;184;194m▄[38;2;171;181;184;48;2;207;213;218m▄[38;2;203;210;212;48;2;219;224;227m▄[38;2;219;225;227;48;2;218;224;226m▄[38;2;217;224;226;48;2;217;224;226m▄[38;2;218;225;228;48;2;215;223;225m▄[38;2;191;197;201;48;2;214;221;223m▄[38;2;185;192;195;48;2;185;192;194m▄[38;2;190;196;200;48;2;191;197;201m▄[48;2;203;209;212m▄[38;2;210;216;220;48;2;218;224;227m▄[38;2;217;223;226;48;2;217;223;225m▄[48;2;217;223;226m▄[38;2;218;224;227;48;2;218;224;227m▄▄▄[38;2;217;224;226;48;2;217;223;226m▄[38;2;217;223;226;48;2;215;222;224m▄▄[48;2;216;222;224m▄[48;2;217;223;225m▄[38;2;218;224;227;48;2;218;224;226m▄▄[48;2;218;224;227m▄▄▄▄[38;2;218;224;226;48;2;218;224;226m▄[38;2;218;224;225;48;2;218;225;225m▄[48;2;218;224;224m▄▄▄[38;2;220;223;225;48;2;220;223;227m▄[38;2;218;223;227;48;2;217;224;231m▄[38;2;215;225;231;48;2;153;164;175m▄[0m[38;2;145;159;166m▄[0m          [0m
        [38;2;77;83;97m▄[38;2;212;218;231;48;2;121;128;138m▄[38;2;220;223;226;48;2;216;224;231m▄[38;2;219;224;224;48;2;216;225;225m▄[38;2;217;224;225;48;2;217;224;225m▄[38;2;212;221;223;48;2;216;225;226m▄[38;2;162;171;176;48;2;197;206;211m▄[38;2;172;182;188;48;2;155;165;171m▄[38;2;188;198;204;48;2;173;183;188m▄[38;2;188;196;202;48;2;189;198;202m▄[38;2;187;197;201;48;2;187;197;201m▄[48;2;186;198;201m▄[38;2;185;198;201;48;2;185;198;201m▄[38;2;186;198;201;48;2;186;198;201m▄[38;2;187;198;201;48;2;187;198;200m▄[38;2;186;196;200;48;2;183;193;194m▄[38;2;195;203;207;48;2;207;214;216m▄[38;2;215;223;227;48;2;216;222;225m▄[38;2;216;223;227;48;2;216;223;226m▄[38;2;218;224;228;48;2;209;215;220m▄[38;2;205;211;216;48;2;190;196;201m▄[38;2;196;203;207;48;2;189;195;200m▄[38;2;211;217;220;48;2;193;199;204m▄[38;2;217;223;226;48;2;215;221;224m▄[38;2;218;224;227;48;2;218;224;226m▄[48;2;218;224;227m▄▄▄▄▄▄▄▄▄▄[38;2;217;223;225;48;2;218;224;226m▄▄[38;2;218;224;227;48;2;218;224;227m▄▄▄▄▄▄[38;2;218;224;226;48;2;218;224;226m▄[48;2;218;224;225m▄[48;2;218;224;226m▄[38;2;218;224;227m▄[38;2;218;224;226;48;2;217;224;226m▄[38;2;216;223;225;48;2;211;223;228m▄[38;2;208;218;229;48;2;123;133;143m▄[0m[38;2;76;84;97m▄[0m        [0m
       [38;2;151;159;168m▄[38;2;216;221;228;48;2;183;188;201m▄[38;2;218;222;227;48;2;218;222;230m▄[38;2;219;223;226;48;2;219;224;223m▄[38;2;218;224;227;48;2;219;224;225m▄[38;2;217;223;227;48;2;218;224;227m▄[38;2;188;196;200;48;2;199;207;211m▄[38;2;173;182;185;48;2;161;170;175m▄[38;2;188;198;203;48;2;187;198;203m▄[38;2;187;197;203;48;2;187;197;203m▄[38;2;188;198;204;48;2;188;197;203m▄[48;2;187;197;203m▄▄[48;2;187;198;203m▄[48;2;187;197;203m▄[38;2;187;198;204;48;2;187;198;203m▄▄[38;2;188;197;202;48;2;190;198;203m▄[38;2;210;219;222;48;2;212;221;224m▄[38;2;216;224;226;48;2;217;224;227m▄[38;2;216;223;225;48;2;217;223;226m▄[38;2;217;224;226m▄[38;2;218;224;226;48;2;217;223;227m▄[48;2;218;224;227m▄[38;2;218;224;225;48;2;218;224;225m▄[38;2;218;225;225m▄[38;2;218;224;225;48;2;218;224;226m▄[38;2;218;224;227;48;2;218;224;227m▄▄▄▄▄▄▄▄▄[48;2;217;223;226m▄▄[48;2;218;224;227m▄▄[38;2;217;223;226m▄[48;2;217;223;226m▄[38;2;219;226;229;48;2;217;224;226m▄[38;2;218;225;228;48;2;217;223;226m▄[38;2;217;224;227;48;2;218;224;227m▄[38;2;217;223;227;48;2;217;223;226m▄[38;2;218;224;227;48;2;218;224;226m▄[48;2;218;224;227m▄[38;2;218;224;226;48;2;218;224;226m▄[48;2;218;223;225m▄[38;2;218;224;227;48;2;215;223;228m▄[38;2;215;222;229;48;2;181;190;200m▄[0m[38;2;149;159;172m▄[0m       [0m
      [38;2;179;185;200;48;2;89;98;108m▄[38;2;214;224;228;48;2;214;224;230m▄[38;2;216;224;224;48;2;217;224;223m▄[38;2;217;224;225;48;2;218;224;226m▄[38;2;217;224;226;48;2;218;223;230m▄[48;2;218;224;228m▄[38;2;217;223;227;48;2;216;222;226m▄[38;2;210;217;222;48;2;188;196;200m▄[38;2;180;189;193;48;2;180;189;193m▄[38;2;187;198;202;48;2;188;198;203m▄[38;2;187;197;203;48;2;188;198;204m▄[38;2;188;198;204m▄▄▄[38;2;188;198;203m▄[38;2;188;198;202;48;2;188;198;203m▄[38;2;188;199;202m▄[38;2;187;198;201m▄[38;2;194;203;206;48;2;188;198;202m▄[38;2;214;223;224;48;2;209;220;221m▄[38;2;215;224;224;48;2;214;224;224m▄[48;2;215;224;224m▄[38;2;217;225;224;48;2;217;225;223m▄[38;2;217;224;223;48;2;218;225;223m▄[38;2;218;225;224m▄[38;2;218;225;225;48;2;218;225;225m▄▄[38;2;218;224;225;48;2;218;224;225m▄[38;2;218;224;227;48;2;218;224;227m▄▄▄▄▄▄▄▄▄▄▄▄[38;2;216;222;226;48;2;217;224;227m▄[38;2;194;202;206;48;2;217;223;226m▄[38;2;161;170;174;48;2;201;208;210m▄[38;2;180;189;193;48;2;177;185;189m▄[38;2;185;194;198;48;2;181;188;193m▄[38;2;182;190;194;48;2;208;215;219m▄[38;2;211;220;223;48;2;217;223;227m▄[38;2;216;225;228;48;2;217;223;226m▄[38;2;217;224;227;48;2;217;224;227m▄[38;2;218;224;227;48;2;218;224;227m▄[38;2;217;224;226;48;2;218;224;226m▄[38;2;218;224;226;48;2;218;223;226m▄[38;2;217;224;225;48;2;217;224;226m▄[38;2;215;223;225;48;2;216;227;232m▄[38;2;180;188;198;48;2;87;94;103m▄[0m      [0m
     [38;2;175;188;198;48;2;89;98;111m▄[38;2;213;222;224;48;2;213;221;230m▄[38;2;215;224;226;48;2;214;224;227m▄[38;2;216;224;225;48;2;216;225;225m▄▄[38;2;217;224;225;48;2;217;225;225m▄[38;2;217;224;226;48;2;217;224;226m▄[38;2;217;224;227;48;2;217;224;227m▄[38;2;216;224;228;48;2;216;223;228m▄[38;2;213;221;225;48;2;190;199;203m▄[38;2;194;203;206;48;2;187;196;201m▄[38;2;188;197;201;48;2;188;197;202m▄[38;2;187;197;203;48;2;188;198;204m▄[38;2;188;197;204m▄[38;2;188;197;203m▄[38;2;188;198;203;48;2;188;198;203m▄[38;2;187;198;201;48;2;188;199;202m▄[38;2;189;197;201;48;2;189;199;202m▄[38;2;197;205;208;48;2;187;197;200m▄[38;2;216;224;226;48;2;205;214;216m▄[38;2;207;214;224;48;2;215;223;228m▄[38;2;61;67;79;48;2;205;213;219m▄[38;2;67;72;85;48;2;212;219;225m▄[38;2;105;109;117;48;2;219;225;229m▄[38;2;169;173;183;48;2;217;223;228m▄[38;2;211;214;224;48;2;217;223;227m▄[38;2;212;218;221;48;2;218;225;225m▄[38;2;218;225;226m▄[38;2;218;224;226;48;2;218;224;225m▄[38;2;219;222;226;48;2;218;224;227m▄[38;2;219;223;226m▄[38;2;218;223;227m▄▄[38;2;218;224;224m▄[38;2;219;223;226m▄[38;2;218;223;227m▄▄[38;2;217;224;227m▄[38;2;217;224;226;48;2;218;224;226m▄[38;2;217;223;226;48;2;217;223;226m▄▄[38;2;214;220;225;48;2;215;222;225m▄[38;2;166;174;178;48;2;167;175;179m▄[38;2;188;198;202;48;2;181;191;195m▄[38;2;186;196;202;48;2;186;196;201m▄[38;2;187;197;204;48;2;186;197;202m▄[38;2;187;198;203;48;2;187;198;202m▄[38;2;196;204;208;48;2;198;207;211m▄[38;2;216;224;227;48;2;215;224;228m▄[38;2;217;225;228;48;2;217;224;227m▄[38;2;212;218;222;48;2;216;223;225m▄[38;2;193;198;201;48;2;218;224;226m▄[38;2;148;151;153;48;2;218;225;227m▄[38;2;93;95;103;48;2;219;225;229m▄[38;2;39;42;57;48;2;210;216;223m▄[38;2;179;185;189;48;2;212;218;225m▄[38;2;178;187;196;48;2;86;93;102m▄[0m     [0m
    [38;2;144;151;162;48;2;86;92;105m▄[38;2;216;224;230;48;2;214;223;231m▄[38;2;217;224;226;48;2;216;224;226m▄[38;2;205;212;214;48;2;217;224;226m▄[38;2;194;200;202;48;2;218;225;227m▄[38;2;217;224;226;48;2;216;222;224m▄[38;2;216;223;225;48;2;216;223;225m▄[38;2;217;224;226;48;2;216;224;226m▄[38;2;217;224;227;48;2;217;224;227m▄[38;2;218;224;226;48;2;217;224;226m▄[38;2;217;223;226;48;2;215;223;225m▄[38;2;218;223;227;48;2;213;220;224m▄[38;2;218;224;227;48;2;203;210;216m▄[38;2;213;221;224;48;2;191;199;206m▄[38;2;209;218;220;48;2;188;196;204m▄[38;2;208;217;220;48;2;187;196;201m▄[38;2;209;217;221;48;2;187;195;199m▄[38;2;213;222;224;48;2;193;202;203m▄[38;2;216;223;225;48;2;206;213;216m▄[38;2;217;223;225;48;2;217;224;225m▄[38;2;218;225;223m▄[38;2;217;224;224;48;2;216;221;227m▄[38;2;216;222;228;48;2;187;191;203m▄[38;2;106;111;122;48;2;40;41;57m▄[38;2;13;16;35;48;2;53;51;56m▄[38;2;51;42;50;48;2;59;50;49m▄[38;2;97;76;70;48;2;71;56;68m▄[38;2;97;70;60;48;2;83;80;90m▄[38;2;83;57;52;48;2;124;128;136m▄[38;2;54;38;41;48;2;188;191;201m▄[38;2;189;186;190;48;2;221;220;225m▄[38;2;219;224;227;48;2;221;221;222m▄[38;2;216;221;224;48;2;218;222;228m▄[38;2;214;219;221;48;2;220;224;228m▄[38;2;208;213;219;48;2;219;223;225m▄[38;2;208;213;221;48;2;218;223;227m▄[38;2;207;213;221;48;2;219;223;229m▄[38;2;206;213;221;48;2;219;223;228m▄[38;2;206;214;219;48;2;216;224;226m▄[38;2;207;213;218;48;2;217;224;226m▄[38;2;207;213;217;48;2;217;224;225m▄[38;2;208;214;216;48;2;217;223;225m▄[38;2;210;215;216;48;2;217;222;224m▄[38;2;199;205;209;48;2;179;186;189m▄[38;2;176;183;191;48;2;187;195;200m▄[38;2;186;194;202m▄[38;2;188;195;199;48;2;186;195;203m▄[38;2;186;188;198;48;2;188;197;198m▄[38;2;100;97;110;48;2;197;205;211m▄[38;2;56;41;42;48;2;181;187;196m▄[38;2;88;63;49;48;2;123;124;129m▄[38;2;108;74;50;48;2;65;58;60m▄[38;2;101;74;65;48;2;70;55;56m▄[38;2;41;34;44;48;2;74;60;62m▄[38;2;31;36;54;48;2;30;28;42m▄[38;2;179;187;197;48;2;88;92;108m▄[38;2;213;223;225;48;2;209;218;219m▄[38;2;215;226;231;48;2;218;224;227m▄[38;2;140;150;160;48;2;81;88;98m▄[0m    [0m
   [38;2;78;87;99m▄[38;2;213;223;232;48;2;192;201;212m▄[38;2;216;224;224;48;2;216;224;227m▄[38;2;218;225;224;48;2;217;223;224m▄[38;2;218;223;224;48;2;199;205;206m▄[38;2;213;220;220;48;2;194;201;203m▄[38;2;215;223;224;48;2;215;222;223m▄[38;2;215;223;225;48;2;216;223;225m▄[38;2;215;224;226;48;2;216;224;226m▄[38;2;216;225;226m▄[38;2;212;221;223;48;2;217;223;226m▄[38;2;210;218;220m▄[38;2;216;224;226;48;2;217;224;226m▄[38;2;216;223;225;48;2;217;224;225m▄[38;2;218;224;227;48;2;216;225;225m▄▄[48;2;216;224;226m▄[48;2;215;223;226m▄[48;2;215;223;225m▄[38;2;216;224;227;48;2;216;223;225m▄[48;2;217;223;225m▄[38;2;218;224;227;48;2;218;224;225m▄[38;2;217;224;228;48;2;217;224;224m▄[38;2;215;222;226;48;2;218;224;226m▄[38;2;189;196;204;48;2;198;203;211m▄[38;2;114;119;140;48;2;33;35;58m▄[38;2;9;17;40;48;2;15;17;40m▄[38;2;6;17;41;48;2;24;23;29m▄[38;2;10;16;35;48;2;82;64;57m▄[38;2;52;32;31;48;2;117;76;61m▄[38;2;110;73;59;48;2;111;73;56m▄[38;2;102;74;63;48;2;83;72;76m▄[38;2;49;34;31;48;2;156;162;170m▄[38;2;67;51;46;48;2;168;173;171m▄[38;2;71;51;42;48;2;124;126;127m▄[38;2;103;66;55;48;2;51;42;49m▄[38;2;120;75;59;48;2;62;47;52m▄[38;2;121;76;59;48;2;63;47;52m▄[38;2;118;73;57;48;2;61;46;51m▄[38;2;101;62;50;48;2;52;40;50m▄[38;2;83;49;42;48;2;50;40;51m▄[38;2;80;50;46;48;2;48;40;51m▄[38;2;81;51;45;48;2;46;40;48m▄[48;2;48;41;48m▄[38;2;79;52;54;48;2;45;42;52m▄[38;2;59;36;47;48;2;44;47;58m▄[38;2;54;38;46;48;2;149;155;166m▄[38;2;45;35;41;48;2;149;161;171m▄[38;2;53;30;33;48;2;88;86;101m▄[38;2;102;63;60;48;2;82;56;64m▄[38;2;112;74;62;48;2;116;77;54m▄[38;2;61;45;40;48;2;118;82;59m▄[38;2;15;19;37;48;2;93;63;56m▄[38;2;8;15;42;48;2;28;20;32m▄[38;2;49;56;73;48;2;10;18;39m▄[38;2;178;186;194;48;2;146;154;169m▄[38;2;201;209;214;48;2;220;221;227m▄[38;2;217;223;227;48;2;222;221;224m▄[38;2;219;224;228;48;2;216;223;229m▄[38;2;216;224;233;48;2;194;205;214m▄[0m[38;2;92;100;116m▄[0m   [0m
   [38;2;185;198;206;48;2;151;163;176m▄[38;2;216;223;224;48;2;217;224;228m▄[38;2;218;223;224;48;2;218;224;222m▄[38;2;218;224;225;48;2;219;224;223m▄[38;2;218;224;226;48;2;218;224;224m▄[38;2;217;224;226;48;2;217;224;224m▄[48;2;216;225;225m▄[38;2;217;224;227;48;2;216;225;226m▄[38;2;216;224;226m▄[38;2;184;193;195;48;2;208;217;219m▄[38;2;186;195;196;48;2;173;182;183m▄[48;2;174;183;184m▄[38;2;192;201;202;48;2;206;215;216m▄[38;2;215;223;225;48;2;217;225;227m▄[38;2;218;224;227;48;2;218;224;227m▄▄▄▄▄[38;2;217;224;227;48;2;216;224;227m▄▄[38;2;218;224;227;48;2;218;224;227m▄[38;2;217;224;227;48;2;217;224;228m▄[38;2;217;225;228;48;2;215;223;227m▄[38;2;215;222;228;48;2;140;147;153m▄[38;2;136;141;156;48;2;20;28;48m▄[38;2;17;23;46;48;2;6;16;39m▄[38;2;9;18;41;48;2;6;17;41m▄[38;2;5;18;41;48;2;6;15;40m▄[38;2;4;19;43;48;2;12;14;34m▄[38;2;5;20;42;48;2;31;23;39m▄[38;2;21;20;34;48;2;78;54;51m▄[38;2;61;40;40;48;2;110;78;56m▄[38;2;104;72;57;48;2;116;76;55m▄[38;2;122;77;56;48;2;124;75;52m▄[38;2;122;73;46;48;2;124;76;46m▄[38;2;125;75;47;48;2;125;77;45m▄[38;2;128;74;40m▄[38;2;125;76;44;48;2;125;77;47m▄[38;2;119;73;55;48;2;118;73;52m▄[38;2;92;50;37;48;2;87;49;33m▄[38;2;85;51;42;48;2;86;50;40m▄[38;2;82;53;47;48;2;87;50;42m▄[38;2;85;50;45;48;2;85;49;41m▄[38;2;84;49;42;48;2;87;47;41m▄[38;2;79;51;46;48;2;88;49;42m▄[38;2;79;53;48;48;2;84;52;42m▄[38;2;76;50;45;48;2;82;54;41m▄[38;2;46;39;41;48;2;82;53;45m▄[38;2;16;19;34;48;2;75;48;48m▄[38;2;9;17;41;48;2;37;26;39m▄[38;2;11;16;44;48;2;14;15;37m▄[38;2;13;15;39;48;2;9;18;39m▄[38;2;14;19;41;48;2;8;15;41m▄[38;2;97;102;114;48;2;13;21;37m▄[38;2;190;195;202;48;2;101;109;118m▄[38;2;204;209;211;48;2;189;198;204m▄[38;2;219;222;224;48;2;215;223;227m▄[38;2;220;223;224;48;2;217;224;225m▄[38;2;218;224;224;48;2;218;225;229m▄[38;2;187;197;205;48;2;150;159;172m▄[0m   [0m
  [38;2;80;89;101;48;2;27;36;46m▄[38;2;211;223;230;48;2;204;217;223m▄[38;2;218;223;225;48;2;216;223;224m▄[38;2;219;223;227;48;2;218;223;227m▄[38;2;218;224;227;48;2;218;224;227m▄▄▄▄[48;2;217;224;227m▄[48;2;216;224;226m▄[48;2;199;208;209m▄[38;2;206;214;215;48;2;189;197;199m▄[38;2;200;209;210;48;2;186;195;196m▄[38;2;216;224;226;48;2;199;208;209m▄[38;2;216;224;227;48;2;217;225;227m▄[38;2;218;224;227;48;2;218;224;227m▄▄▄▄▄▄▄▄[48;2;217;224;227m▄[38;2;218;223;226m▄[38;2;219;223;225;48;2;217;223;227m▄[38;2;220;223;226;48;2;215;221;230m▄[38;2;200;201;212;48;2;134;139;154m▄[38;2;54;46;56;48;2;18;24;44m▄[38;2;90;67;58;48;2;6;21;39m▄[38;2;95;70;61;48;2;4;20;39m▄[38;2;69;56;61;48;2;10;19;33m▄[38;2;29;23;38;48;2;12;19;39m▄[38;2;36;37;50;48;2;9;16;40m▄[38;2;34;37;48;48;2;20;20;31m▄[38;2;32;34;40;48;2;51;39;40m▄[38;2;34;37;37;48;2;67;46;43m▄[38;2;28;29;34;48;2;86;59;53m▄[38;2;40;31;34;48;2;118;76;56m▄[38;2;97;64;54;48;2;124;75;46m▄[38;2;121;75;54;48;2;122;77;51m▄[38;2;104;60;43;48;2;99;57;37m▄[38;2;90;52;38;48;2;86;53;35m▄[38;2;81;48;40;48;2;82;54;39m▄[38;2;53;38;36;48;2;80;53;42m▄[38;2;26;20;31;48;2;75;52;47m▄[38;2;37;25;35;48;2;50;39;45m▄[38;2;38;28;34;48;2;45;31;45m▄[38;2;30;29;33;48;2;23;18;36m▄[38;2;36;29;38;48;2;10;17;37m▄[38;2;28;26;37;48;2;5;19;38m▄[38;2;25;25;34;48;2;10;17;39m▄[38;2;47;46;54;48;2;11;17;38m▄[38;2;30;29;40;48;2;11;17;37m▄[38;2;121;125;136;48;2;59;64;80m▄[38;2;216;221;230;48;2;211;217;228m▄[38;2;217;224;227;48;2;218;223;228m▄[38;2;218;224;228;48;2;217;222;226m▄[38;2;219;223;229;48;2;219;222;228m▄[38;2;220;222;227;48;2;220;222;227m▄[38;2;219;224;223;48;2;217;224;222m▄[38;2;213;222;228;48;2;206;217;222m▄[0m[38;2;86;96;109m▄[0m  [0m
  [38;2;138;147;156;48;2;99;106;114m▄[38;2;218;223;226;48;2;217;224;228m▄[38;2;218;222;224;48;2;218;223;224m▄[38;2;218;223;226;48;2;218;223;226m▄[38;2;218;224;227;48;2;218;224;227m▄▄▄▄▄▄[38;2;219;224;227m▄[38;2;219;225;228;48;2;219;226;228m▄[38;2;217;225;227;48;2;217;225;227m▄[38;2;215;224;226;48;2;216;225;227m▄[38;2;216;224;226;48;2;216;224;227m▄[38;2;218;224;227;48;2;218;224;227m▄▄▄▄▄▄▄▄▄[48;2;218;224;226m▄[38;2;219;223;225;48;2;219;224;225m▄[38;2;217;219;222;48;2;221;224;223m▄[38;2;95;93;93;48;2;128;127;127m▄[38;2;131;98;81;48;2;96;76;68m▄[38;2;100;62;53;48;2;122;77;52m▄[38;2;42;21;25;48;2;99;66;49m▄[38;2;113;84;79;48;2;50;29;33m▄[38;2;159;125;95;48;2;109;92;84m▄[38;2;183;158;107;48;2;196;178;146m▄[38;2;207;189;139;48;2;198;180;145m▄[38;2;209;187;144;48;2;199;182;149m▄[38;2;213;185;145;48;2;196;183;147m▄[38;2;211;186;141;48;2;175;163;136m▄[38;2;203;186;145;48;2;93;86;75m▄[38;2;136;124;105;48;2;37;28;23m▄[38;2;40;30;29;48;2;101;67;61m▄[38;2;75;56;53;48;2;101;59;50m▄[38;2;55;37;45;48;2;85;50;44m▄[38;2;41;30;35;48;2;60;37;43m▄[38;2;141;109;89;48;2;36;25;30m▄[38;2;178;132;93;48;2;99;80;69m▄[38;2;180;133;89;48;2;155;122;100m▄[38;2;180;135;90;48;2;162;131;104m▄[38;2;176;131;88;48;2;162;130;101m▄[38;2;176;131;90;48;2;164;128;104m▄[38;2;151;108;68;48;2;150;116;96m▄[38;2;123;84;68;48;2;65;46;44m▄[38;2;67;43;50;48;2;39;31;35m▄[38;2;33;24;35;48;2;59;48;54m▄[38;2;39;39;46;48;2;48;49;56m▄[38;2;137;142;147;48;2;209;214;220m▄[38;2;213;220;226;48;2;215;222;226m▄[38;2;218;223;228;48;2;217;222;227m▄[38;2;218;223;229;48;2;219;223;228m▄▄[38;2;218;224;228;48;2;218;223;227m▄[48;2;217;224;230m▄[38;2;139;148;157;48;2;101;109;117m▄[0m  [0m
  [38;2;170;180;189;48;2;169;179;189m▄[38;2;218;223;226;48;2;218;223;226m▄[38;2;219;223;226;48;2;218;222;225m▄[38;2;218;223;227;48;2;218;223;226m▄[38;2;218;224;227;48;2;218;224;227m▄▄▄▄▄[48;2;219;223;227m▄[48;2;219;224;227m▄[48;2;219;225;228m▄[48;2;218;225;228m▄[38;2;217;224;227;48;2;216;224;226m▄[48;2;215;224;225m▄[38;2;218;224;227;48;2;218;224;227m▄▄▄▄▄▄▄▄[38;2;217;224;226m▄[38;2;218;224;226m▄[38;2;216;221;227;48;2;218;223;228m▄[38;2;102;100;110;48;2;166;166;177m▄[38;2;133;101;88;48;2;94;76;74m▄[38;2;80;53;48;48;2;116;83;69m▄[38;2;40;30;28;48;2;45;28;31m▄[38;2;142;107;82;48;2;82;59;57m▄[38;2;138;104;73;48;2;151;110;82m▄[38;2;119;88;67;48;2;156;112;79m▄[38;2;115;90;69;48;2;158;114;81m▄[38;2;125;87;74;48;2;175;143;106m▄[38;2;118;97;77;48;2;200;177;136m▄[38;2;150;127;105;48;2;212;188;146m▄[38;2;199;178;142;48;2;212;185;139m▄[38;2;207;187;142;48;2;213;184;145m▄[38;2;213;185;143;48;2;212;183;149m▄[38;2;208;185;143;48;2;143;128;107m▄[38;2;139;128;103;48;2;28;23;28m▄[38;2;111;89;67;48;2;36;25;33m▄[38;2;178;134;95;48;2;144;116;100m▄[38;2;181;134;93;48;2;176;132;95m▄[38;2;179;135;93;48;2;179;132;93m▄[38;2;168;133;95;48;2;180;132;96m▄[38;2;121;96;73;48;2;180;133;98m▄[38;2;97;65;48;48;2;166;121;86m▄[38;2;96;59;40;48;2;134;89;54m▄[38;2;95;63;50;48;2;120;75;43m▄[38;2;98;63;51;48;2;121;74;50m▄[38;2;121;68;52;48;2;112;72;55m▄[38;2;100;62;52;48;2;51;33;34m▄[38;2;53;35;42;48;2;53;50;57m▄[38;2;37;28;36;48;2;50;53;61m▄[38;2;137;145;152;48;2;185;192;199m▄[38;2;196;203;208;48;2;211;218;222m▄[38;2;217;223;227;48;2;218;224;228m▄[38;2;218;224;227m▄▄[48;2;218;224;227m▄[38;2;173;181;192;48;2;172;181;191m▄[0m  [0m
  [38;2;170;180;189;48;2;170;180;189m▄[38;2;218;223;226;48;2;218;223;226m▄[38;2;219;223;226;48;2;219;223;226m▄[38;2;218;223;226;48;2;218;223;227m▄[38;2;218;224;226;48;2;218;224;227m▄▄▄[38;2;218;224;227m▄▄▄▄▄▄▄▄▄▄▄▄▄▄▄[38;2;218;224;226;48;2;218;224;226m▄[38;2;217;224;225;48;2;217;224;226m▄[38;2;217;223;226;48;2;216;222;225m▄[38;2;171;176;180;48;2;196;202;206m▄[38;2;87;70;69;48;2;68;59;65m▄[38;2;129;91;70;48;2;141;106;88m▄[38;2;39;20;30;48;2;56;34;38m▄[38;2;122;93;80;48;2;96;78;68m▄[38;2;157;112;67;48;2;153;113;75m▄[38;2;161;108;78;48;2;142;104;78m▄[38;2;136;103;84;48;2;50;36;35m▄[38;2;76;46;32;48;2;14;16;19m▄[38;2;198;141;91;48;2;87;55;43m▄[38;2;154;138;123;48;2;82;56;45m▄[38;2;18;18;27;48;2;19;17;27m▄[38;2;123;94;68;48;2;81;81;62m▄[38;2;124;101;83;48;2;202;184;144m▄[38;2;215;187;154;48;2;211;187;142m▄[38;2;210;186;142;48;2;210;187;135m▄[38;2;211;185;143;48;2;205;186;143m▄[38;2;180;140;99;48;2;172;140;101m▄[38;2;177;134;93;48;2;179;134;92m▄[38;2;179;134;94;48;2;181;134;93m▄[38;2;115;83;59;48;2;169;135;95m▄[38;2;144;128;120;48;2;83;68;52m▄[38;2;71;70;81;48;2;20;14;25m▄[38;2;77;46;42;48;2;75;50;47m▄[38;2;168;124;82;48;2;51;36;32m▄[38;2;57;37;33;48;2;14;17;32m▄[38;2;108;74;54;48;2;62;39;39m▄[38;2;126;75;47;48;2;125;70;56m▄[38;2;113;76;55;48;2;119;73;57m▄[38;2;45;27;31;48;2;46;25;31m▄[38;2;51;42;49;48;2;48;38;46m▄[38;2;129;136;144;48;2;132;139;147m▄[38;2;187;196;200;48;2;189;197;201m▄[38;2;209;218;220;48;2;212;219;222m▄[38;2;216;224;226;48;2;217;224;226m▄[38;2;218;224;226;48;2;218;224;226m▄[38;2;218;225;225m▄[38;2;173;181;193;48;2;173;181;192m▄[0m  [0m
  [38;2;169;181;191;48;2;170;180;188m▄[38;2;217;224;227;48;2;218;223;226m▄[38;2;218;224;226;48;2;219;223;226m▄[38;2;218;224;225;48;2;218;224;225m▄[38;2;217;224;225;48;2;218;225;225m▄[38;2;217;223;225m▄[38;2;217;224;226;48;2;218;224;226m▄[38;2;216;223;225;48;2;218;224;227m▄[38;2;217;223;226m▄▄[38;2;218;224;227m▄▄▄▄▄▄▄▄▄▄▄▄[38;2;218;224;225;48;2;218;224;225m▄[38;2;218;225;223;48;2;218;225;224m▄[38;2;213;219;222;48;2;218;225;227m▄[38;2;77;76;79;48;2;122;124;129m▄[38;2;153;122;99;48;2;134;109;91m▄[38;2;120;79;57;48;2;121;79;55m▄[38;2;34;22;32;48;2;38;19;26m▄[38;2;121;94;80;48;2;127;93;81m▄[38;2;183;140;101;48;2;163;112;75m▄[38;2;213;184;139;48;2;169;126;85m▄[38;2;208;182;142;48;2;162;125;94m▄[38;2;108;77;59;48;2;97;65;42m▄[38;2;205;166;98;48;2;204;152;89m▄[38;2;160;130;65;48;2;38;32;29m▄[38;2;159;119;56;48;2;24;18;23m▄[38;2;213;155;78;48;2;185;118;68m▄[38;2;87;57;30;48;2;103;68;46m▄[38;2;165;153;121;48;2;196;175;146m▄[38;2;208;186;141;48;2;209;185;141m▄[38;2;208;184;139;48;2;209;184;140m▄[38;2;181;139;100;48;2;180;139;99m▄[38;2;179;134;95;48;2;173;134;94m▄[38;2;122;92;75;48;2;169;130;101m▄[38;2;79;48;28;48;2;95;59;39m▄[38;2;198;144;85;48;2;142;99;75m▄[38;2;145;109;55;48;2;19;18;23m▄[38;2;177;148;79;48;2;72;49;31m▄[38;2;170;145;87;48;2;205;158;93m▄[38;2;95;70;44;48;2;74;44;30m▄[38;2;172;132;90;48;2;132;86;58m▄[38;2;172;128;93;48;2;134;83;58m▄[38;2;124;84;62;48;2;116;70;57m▄[38;2;44;29;30;48;2;45;28;30m▄[38;2;51;43;49;48;2;51;44;49m▄[38;2;133;139;147;48;2;130;138;145m▄[38;2;207;213;218;48;2;190;198;202m▄[38;2;217;223;226;48;2;214;222;224m▄[38;2;217;224;227;48;2;217;224;226m▄[38;2;218;224;226;48;2;218;224;226m▄[48;2;218;225;225m▄[38;2;173;181;193;48;2;173;181;193m▄[0m  [0m
  [38;2;97;106;114;48;2;144;155;165m▄[38;2;216;223;228;48;2;216;223;227m▄[38;2;218;225;225;48;2;218;224;226m▄[38;2;219;225;226;48;2;217;224;225m▄[38;2;209;215;218;48;2;217;223;225m▄[38;2;182;188;191;48;2;197;203;205m▄[38;2;187;194;198;48;2;181;188;190m▄[38;2;188;194;198;48;2;200;206;209m▄[38;2;206;213;215;48;2;215;221;224m▄[38;2;218;224;227;48;2;218;224;227m▄▄▄▄[38;2;216;224;228;48;2;217;224;227m▄[38;2;216;225;228m▄[38;2;216;224;228m▄[38;2;199;207;211;48;2;218;224;228m▄[38;2;197;205;210;48;2;218;225;228m▄[38;2;212;220;223;48;2;217;224;227m▄[38;2;218;224;227;48;2;217;223;226m▄[38;2;217;223;226;48;2;218;224;227m▄[38;2;218;224;226;48;2;218;224;226m▄[38;2;217;225;225;48;2;217;224;225m▄[38;2;216;226;228;48;2;215;224;224m▄[38;2;123;126;132;48;2;199;205;209m▄[38;2;102;78;72;48;2;73;63;64m▄[38;2;140;98;66;48;2;153;115;88m▄[38;2;119;75;52;48;2;117;76;54m▄[38;2;59;36;46;48;2;32;20;32m▄[38;2;49;41;44;48;2;82;66;53m▄[38;2;204;180;145;48;2;196;160;122m▄[38;2;213;186;137;48;2;213;184;140m▄[38;2;212;186;140;48;2;212;187;137m▄[38;2;210;186;140;48;2;167;144;109m▄[38;2;198;178;140;48;2;108;86;57m▄[38;2;146;128;101;48;2;163;131;72m▄[38;2;145;129;98;48;2;167;124;63m▄[38;2;137;127;100;48;2;109;83;43m▄[38;2;88;78;64;48;2;18;14;21m▄[38;2;134;112;85;48;2;142;129;105m▄[38;2;210;187;143;48;2;206;187;142m▄[38;2;212;182;140;48;2;208;184;140m▄[38;2;187;137;101;48;2;181;140;101m▄[38;2;176;130;98;48;2;174;137;100m▄[38;2;86;57;50;48;2;74;59;53m▄[38;2;77;55;43;48;2;23;15;17m▄[38;2;114;90;63;48;2;106;79;46m▄[38;2;120;96;70;48;2;164;128;81m▄[38;2;126;95;75;48;2;148;118;72m▄[38;2;163;123;96;48;2;67;45;28m▄[38;2;182;131;95;48;2;150;119;88m▄[38;2;178;134;88;48;2;179;134;90m▄[38;2;176;132;93;48;2;181;132;93m▄[38;2;136;108;91;48;2;134;94;71m▄[38;2;33;17;21;48;2;43;27;30m▄[38;2;54;41;49;48;2;52;41;48m▄[38;2;150;155;163;48;2;146;152;160m▄[38;2;217;223;228;48;2;217;223;227m▄[38;2;218;224;228;48;2;218;224;227m▄[38;2;218;224;226;48;2;217;223;226m▄[48;2;218;224;226m▄[38;2;218;223;231;48;2;217;223;227m▄[38;2;98;105;115;48;2;145;153;164m▄[0m  [0m
  [7m[38;2;63;71;78m▄[0m[38;2;208;218;229;48;2;213;221;227m▄[38;2;217;224;226;48;2;217;225;225m▄[38;2;217;223;224m▄[38;2;216;222;226;48;2;205;211;215m▄[38;2;200;206;210;48;2;186;193;197m▄[38;2;190;196;200;48;2;189;195;200m▄[38;2;195;201;205;48;2;188;194;198m▄[38;2;212;219;221;48;2;204;210;213m▄[38;2;216;223;225;48;2;217;223;225m▄[38;2;217;223;226;48;2;217;223;226m▄[38;2;217;224;226;48;2;217;224;226m▄[38;2;216;224;226;48;2;218;225;227m▄[38;2;204;212;216;48;2;216;224;228m▄[38;2;155;164;169;48;2;197;206;210m▄[38;2;163;173;178;48;2;168;177;180m▄[38;2;181;190;196;48;2;155;164;170m▄[38;2;188;197;203;48;2;158;166;172m▄[38;2;185;195;201;48;2;165;173;179m▄[38;2;176;185;190;48;2;186;193;197m▄[38;2;190;198;198;48;2;217;224;226m▄[38;2;219;225;226;48;2;218;224;226m▄[38;2;218;224;228;48;2;218;224;225m▄[38;2;207;210;217;48;2;219;225;227m▄[38;2;65;53;62;48;2;108;102;110m▄[38;2;158;125;97;48;2;148;122;102m▄[38;2;133;87;56;48;2;133;89;56m▄[38;2;124;77;49;48;2;121;77;49m▄[38;2;109;72;54;48;2;72;49;42m▄[38;2;34;22;31;48;2;26;21;35m▄[38;2;65;63;61;48;2;168;160;131m▄[38;2;192;177;148;48;2;209;188;138m▄[38;2;209;188;142;48;2;212;186;140m▄[38;2;211;187;141;48;2;213;187;141m▄[38;2;210;187;143;48;2;210;188;140m▄[38;2;210;186;145;48;2;208;187;146m▄[38;2;211;186;143;48;2;207;188;141m▄[38;2;209;185;140;48;2;208;188;139m▄[38;2;210;185;141;48;2;190;170;129m▄[38;2;182;150;112;48;2;165;129;97m▄[38;2;200;176;143;48;2;214;182;142m▄[38;2;132;121;96;48;2;208;179;137m▄[38;2;105;84;70;48;2;181;137;101m▄[38;2;150;110;89;48;2;175;127;91m▄[38;2;143;96;67;48;2;119;81;53m▄[38;2;177;134;93;48;2;158;120;82m▄[38;2;179;132;94;48;2;177;132;92m▄[38;2;179;133;94;48;2;178;133;93m▄[38;2;180;134;87;48;2;180;133;91m▄[38;2;180;133;95;48;2;181;133;91m▄[38;2;180;133;96;48;2;183;132;87m▄[38;2;175;134;93;48;2;179;134;88m▄[38;2;124;100;83;48;2;172;134;101m▄[38;2;26;17;22;48;2;68;53;45m▄[38;2;66;46;50;48;2;48;32;39m▄[38;2;54;39;50;48;2;54;38;49m▄[38;2;151;154;163;48;2;151;154;164m▄[38;2;216;223;226;48;2;218;223;228m▄[38;2;217;223;226;48;2;219;223;228m▄[38;2;217;224;223;48;2;218;224;225m▄[38;2;216;224;226;48;2;217;224;226m▄[38;2;206;215;226;48;2;212;218;226m▄[0m[7m[38;2;65;72;81m▄[0m  [0m
   [38;2;142;153;169;48;2;170;180;197m▄[38;2;216;222;230;48;2;217;223;229m▄[38;2;217;223;225;48;2;218;222;225m▄[48;2;216;222;226m▄[38;2;218;224;228;48;2;215;221;225m▄[38;2;218;224;229;48;2;216;222;226m▄[38;2;217;223;227m▄[38;2;217;223;225;48;2;215;222;224m▄[48;2;216;223;225m▄[38;2;217;223;226;48;2;217;223;226m▄[38;2;216;224;226;48;2;216;224;226m▄[38;2;212;222;223;48;2;214;224;225m▄[38;2;163;174;177;48;2;176;186;190m▄[38;2;186;196;202;48;2;168;178;184m▄[38;2;187;197;203;48;2;186;197;202m▄[38;2;188;198;205;48;2;187;198;204m▄[38;2;188;198;206;48;2;187;198;203m▄[38;2;188;197;205;48;2;187;197;203m▄[38;2;188;196;204;48;2;188;196;202m▄[38;2;188;196;203;48;2;190;199;200m▄[38;2;207;215;218;48;2;213;222;222m▄[38;2;217;223;222;48;2;218;223;227m▄[38;2;196;198;203;48;2;204;206;214m▄[38;2;83;70;60;48;2;85;71;74m▄[38;2;160;123;91;48;2;169;131;102m▄[38;2;126;77;49;48;2;124;76;48m▄[38;2;127;75;49;48;2;126;76;50m▄[38;2;124;75;49;48;2;124;77;52m▄[38;2;115;72;58;48;2;75;50;43m▄[38;2;34;22;30;48;2;21;14;32m▄[38;2;15;16;33;48;2;76;69;67m▄[38;2;126;121;108;48;2;194;181;148m▄[38;2;208;188;148;48;2;209;187;143m▄[38;2;211;187;140;48;2;210;186;141m▄[38;2;209;188;139;48;2;210;187;140m▄[38;2;208;188;141;48;2;211;187;140m▄[38;2;208;188;138;48;2;210;187;138m▄[38;2;209;189;139;48;2;211;186;137m▄[38;2;208;187;140;48;2;203;176;131m▄[38;2;120;99;82;48;2;131;109;87m▄[38;2;39;32;40;48;2;50;45;42m▄[38;2;35;31;46;48;2;39;33;40m▄[38;2;77;61;43;48;2;86;62;46m▄[38;2;176;134;91;48;2;162;118;84m▄[38;2;180;134;92;48;2;180;136;94m▄[38;2;183;133;93;48;2;182;133;93m▄[38;2;183;132;93;48;2;182;131;92m▄[38;2;184;133;92;48;2;184;133;89m▄[38;2;177;136;90;48;2;183;133;96m▄[38;2;158;131;97;48;2;179;132;99m▄[38;2;58;51;54;48;2;137;115;88m▄[38;2;16;15;39;48;2;35;30;45m▄[38;2;56;43;51;48;2;26;21;39m▄[38;2;76;51;56;48;2;75;52;55m▄[38;2;47;33;43;48;2;51;37;47m▄[38;2;181;187;192;48;2;148;154;158m▄[38;2;214;224;223;48;2;215;223;224m▄[38;2;215;224;224;48;2;215;223;225m▄[38;2;217;224;221;48;2;217;224;221m▄[38;2;215;226;227;48;2;216;225;227m▄[38;2;138;150;161;48;2;168;179;192m▄[0m   [0m
   [7m[38;2;63;71;81m▄[0m[38;2;189;197;206;48;2;215;222;231m▄[38;2;216;223;226;48;2;217;223;225m▄[38;2;217;223;226m▄[38;2;218;224;227;48;2;218;224;227m▄▄[48;2;217;223;227m▄[38;2;218;224;228;48;2;217;223;228m▄[38;2;218;224;227;48;2;217;223;226m▄[38;2;217;224;227;48;2;217;223;227m▄[38;2;216;224;228;48;2;216;224;228m▄[38;2;213;222;226;48;2;214;223;226m▄[38;2;188;198;203;48;2;167;177;182m▄[38;2;186;196;202;48;2;186;196;202m▄[38;2;187;197;203;48;2;187;197;203m▄[38;2;188;198;203;48;2;188;198;204m▄[38;2;188;198;204m▄[38;2;188;197;203;48;2;188;197;204m▄[38;2;188;196;203;48;2;188;197;205m▄[38;2;189;196;204;48;2;189;196;206m▄[38;2;210;216;224;48;2;207;214;220m▄[38;2;217;222;230;48;2;217;223;224m▄[38;2;100;99;111;48;2;149;147;154m▄[38;2;73;57;60;48;2;111;88;72m▄[38;2;117;77;59;48;2;129;92;59m▄[38;2;126;77;46;48;2;125;78;39m▄[38;2;129;75;46;48;2;128;75;44m▄[38;2;122;78;50;48;2;124;76;47m▄[38;2;121;77;49;48;2;125;76;49m▄[38;2;120;77;49;48;2;93;64;50m▄[38;2;74;55;52;48;2;23;24;33m▄[38;2;18;14;40;48;2;22;23;34m▄[38;2;18;20;37;48;2;133;124;105m▄[38;2;123;115;101;48;2;204;186;142m▄[38;2;202;187;149;48;2;207;188;133m▄[38;2;208;188;143;48;2;209;188;140m▄[38;2;208;188;142;48;2;209;187;140m▄[38;2;210;187;141;48;2;207;188;139m▄[38;2;213;184;141;48;2;207;188;143m▄[38;2;212;182;147;48;2;180;159;140m▄[38;2;100;87;75;48;2;43;37;41m▄[38;2;67;53;49;48;2;31;23;35m▄[38;2;173;133;105;48;2;139;108;87m▄[38;2;180;135;90;48;2;177;136;90m▄[38;2;180;135;87;48;2;180;134;91m▄[38;2;177;136;94;48;2;181;133;95m▄[38;2;176;134;99m▄[38;2;167;131;109;48;2;181;133;92m▄[38;2;74;57;51;48;2;162;133;99m▄[38;2;12;15;31;48;2;69;63;59m▄[38;2;20;14;34;48;2;15;16;34m▄[38;2;63;44;46;48;2;30;22;35m▄[38;2;79;51;40;48;2;80;50;47m▄[38;2;47;38;43;48;2;61;44;49m▄[38;2;186;186;193;48;2;101;94;103m▄[38;2;216;223;227;48;2;215;219;225m▄[38;2;215;224;225;48;2;215;224;224m▄▄[38;2;215;224;226;48;2;215;223;224m▄[38;2;188;198;209;48;2;213;223;232m▄[0m[7m[38;2;65;72;83m▄[0m   [0m
    [7m[38;2;117;124;132m▄[0m[38;2;207;218;229;48;2;215;223;228m▄[38;2;218;225;228;48;2;218;224;227m▄[38;2;216;223;226m▄[38;2;217;224;226;48;2;218;224;226m▄[38;2;218;224;225m▄[38;2;218;224;226;48;2;218;224;227m▄▄[38;2;218;224;227;48;2;217;223;227m▄[38;2;217;223;226;48;2;216;224;228m▄[38;2;215;223;225;48;2;214;223;227m▄[38;2;214;223;226;48;2;206;214;219m▄[38;2;207;215;219;48;2;186;195;200m▄[38;2;195;203;207;48;2;188;196;201m▄[38;2;189;198;201;48;2;189;197;202m▄[48;2;189;198;202m▄[38;2;191;199;202;48;2;188;197;202m▄[38;2;204;212;216;48;2;187;196;200m▄[38;2;221;221;230;48;2;196;202;206m▄[38;2;157;157;166;48;2;215;220;228m▄[38;2;73;63;59;48;2;148;151;162m▄[38;2;158;129;102;48;2;72;65;61m▄[38;2;155;125;100;48;2;77;62;56m▄[38;2;61;50;41;48;2;58;36;36m▄[38;2;55;39;32;48;2;119;72;57m▄[38;2;116;76;57;48;2;130;75;51m▄[38;2;130;72;47;48;2;126;77;48m▄[38;2;128;73;45;48;2;125;77;44m▄[38;2;127;75;46;48;2;124;77;44m▄[38;2;129;73;51;48;2;117;77;59m▄[38;2;118;74;58;48;2;67;44;48m▄[38;2;63;46;46;48;2;16;15;35m▄[38;2;12;16;33;48;2;20;21;36m▄[38;2;13;20;38;48;2;120;111;99m▄[38;2;56;49;54;48;2;200;179;147m▄[38;2;186;163;139;48;2;212;186;146m▄[38;2;207;186;147;48;2;211;186;144m▄[38;2;207;189;141;48;2;210;187;143m▄[38;2;211;186;143;48;2;210;184;144m▄[38;2;214;182;137;48;2;182;159;128m▄[38;2;181;141;93;48;2;144;116;86m▄[38;2;177;134;91;48;2;178;133;95m▄[38;2;176;136;98;48;2;183;132;92m▄[38;2;172;134;100;48;2;180;137;84m▄[38;2;138;112;90;48;2;171;139;93m▄[38;2;36;32;33;48;2;158;126;97m▄[38;2;7;17;35;48;2;75;56;57m▄[38;2;12;13;39;48;2;18;14;39m▄[38;2;49;38;48;48;2;11;18;38m▄[38;2;86;49;43;48;2;59;43;46m▄[38;2;80;54;45;48;2;81;51;44m▄[38;2;46;37;43;48;2;73;48;47m▄[38;2;157;160;163;48;2;101;99;103m▄[38;2;218;223;226;48;2;218;224;228m▄[38;2;218;224;227;48;2;215;225;227m▄[38;2;217;224;226;48;2;217;224;225m▄[38;2;218;225;227;48;2;218;224;226m▄[38;2;209;218;229;48;2;216;224;229m▄[0m[7m[38;2;120;129;138m▄[0m    [0m
     [38;2;61;67;74;48;2;152;160;168m▄[38;2;211;218;225;48;2;218;224;228m▄[38;2;217;223;226;48;2;217;223;227m▄[38;2;218;224;226;48;2;217;224;226m▄[38;2;218;225;225;48;2;218;225;225m▄▄[38;2;217;223;226;48;2;218;224;226m▄[38;2;209;215;218;48;2;217;223;226m▄[48;2;217;224;226m▄[38;2;218;224;227;48;2;217;223;226m▄[38;2;217;223;225;48;2;216;223;225m▄▄[38;2;218;224;227;48;2;216;224;226m▄[38;2;217;224;226;48;2;215;222;225m▄[38;2;218;223;227;48;2;215;222;224m▄[38;2;218;224;228;48;2;215;223;225m▄[38;2;147;151;152m▄[38;2;79;68;60;48;2;154;158;164m▄[38;2;160;130;99;48;2;83;68;64m▄[38;2;164;126;87;48;2;161;128;96m▄[38;2;135;96;66;48;2;174;130;91m▄[38;2;126;92;68;48;2;170;132;99m▄[38;2;132;91;65;48;2;155;124;98m▄[38;2;113;85;71;48;2;66;52;45m▄[38;2;44;28;29;48;2;63;44;45m▄[38;2;68;46;47;48;2;118;77;62m▄[38;2;71;45;44;48;2;125;74;52m▄[38;2;73;45;42;48;2;126;75;53m▄[38;2;66;48;48;48;2;126;75;55m▄[38;2;69;46;44;48;2;126;74;53m▄[38;2;68;45;36;48;2;113;76;58m▄[38;2;63;47;55;48;2;62;47;54m▄[38;2;19;22;43;48;2;10;16;38m▄[38;2;3;18;37;48;2;9;18;34m▄[38;2;5;19;32;48;2;37;40;41m▄[38;2;15;21;30;48;2;143;135;119m▄[38;2;59;56;60;48;2;200;181;152m▄[38;2;151;137;119;48;2;209;184;151m▄[38;2;202;181;153;48;2;214;183;144m▄[38;2;166;140;110;48;2;177;138;97m▄[38;2;103;81;67;48;2;175;133;96m▄[38;2;37;31;32;48;2;159;130;103m▄[38;2;9;17;31;48;2;99;82;77m▄[38;2;9;17;39;48;2;26;21;40m▄[38;2;14;14;35;48;2;9;15;44m▄[38;2;40;28;38;48;2;11;14;40m▄[38;2;75;50;44;48;2;40;29;40m▄[38;2;87;51;46;48;2;77;52;46m▄[38;2;84;50;48;48;2;86;50;43m▄[38;2;52;37;48;48;2;69;49;51m▄[38;2;155;161;166;48;2;66;66;73m▄[38;2;219;224;225;48;2;212;216;218m▄[38;2;219;223;226;48;2;218;223;225m▄[38;2;219;223;225;48;2;219;223;226m▄[38;2;217;223;224;48;2;218;224;226m▄[38;2;208;217;223;48;2;217;225;228m▄[38;2;59;64;70;48;2;154;161;170m▄[0m     [0m
      [38;2;36;44;53;48;2;136;144;156m▄[38;2;198;208;217;48;2;217;223;229m▄[38;2;217;225;226;48;2;219;225;225m▄[38;2;218;225;225;48;2;218;225;225m▄▄[38;2;216;223;225;48;2;216;222;224m▄[38;2;200;206;208;48;2;191;198;200m▄[38;2;197;204;206;48;2;190;197;199m▄[38;2;216;223;225;48;2;211;218;220m▄[48;2;217;223;225m▄[38;2;217;223;225m▄[38;2;218;224;226;48;2;218;224;227m▄[38;2;218;224;227;48;2;218;224;226m▄[38;2;150;151;158;48;2;221;222;231m▄[38;2;81;64;59;48;2;155;154;163m▄[38;2;158;127;98;48;2;76;65;50m▄[38;2;159;121;90;48;2;160;129;96m▄[38;2;103;68;45;48;2;158;124;93m▄[38;2;85;54;38;48;2;98;68;43m▄[38;2;85;50;42;48;2;83;51;33m▄[38;2;92;49;36;48;2;90;49;36m▄[38;2;109;61;42;48;2;96;48;37m▄[38;2;121;74;53;48;2;102;62;49m▄[38;2;118;76;59;48;2;77;50;48m▄[38;2;67;49;48;48;2;18;16;35m▄[38;2;9;19;33;48;2;8;18;43m▄[38;2;30;30;41;48;2;13;17;32m▄[38;2;94;66;56;48;2;23;22;28m▄[38;2;110;72;53;48;2;24;20;26m▄[38;2;107;74;58;48;2;24;21;27m▄[38;2;108;74;62;48;2;22;21;33m▄[38;2;111;74;64;48;2;21;21;38m▄[38;2;110;74;65;48;2;20;21;39m▄[38;2;67;44;52;48;2;12;14;35m▄[38;2;19;13;35;48;2;9;16;38m▄[38;2;9;16;42;48;2;7;18;48m▄[38;2;9;16;41;48;2;13;22;37m▄[38;2;7;17;41;48;2;48;51;53m▄[38;2;6;17;42;48;2;43;46;44m▄[38;2;5;16;37;48;2;10;19;31m▄[38;2;5;15;36;48;2;6;16;29m▄[38;2;9;14;37;48;2;2;19;34m▄[38;2;41;31;41;48;2;6;18;37m▄[38;2;82;52;50;48;2;39;29;38m▄[38;2;88;51;45;48;2;78;49;45m▄[38;2;87;51;41;48;2;86;51;41m▄[38;2;87;48;41;48;2;87;51;44m▄[38;2;85;51;42;48;2;84;51;48m▄[38;2;53;37;42;48;2;52;39;44m▄[38;2;80;83;93;48;2;160;167;171m▄[38;2;204;208;213;48;2;219;223;226m▄[38;2;219;222;226;48;2;219;223;227m▄[38;2;218;222;226;48;2;218;223;225m▄[38;2;201;210;217;48;2;216;225;226m▄[38;2;41;48;60;48;2;133;142;153m▄[0m      [0m
       [38;2;26;38;51;48;2;124;136;146m▄[38;2;151;166;174;48;2;212;224;229m▄[38;2;213;223;230;48;2;216;224;226m▄[38;2;217;222;229;48;2;217;223;227m▄[38;2;217;223;226;48;2;217;223;226m▄[38;2;218;224;226;48;2;218;224;226m▄[48;2;218;224;227m▄[38;2;217;224;226;48;2;217;224;226m▄[48;2;215;223;225m▄[38;2;216;222;227;48;2;216;223;225m▄[38;2;189;194;204;48;2;216;223;228m▄[38;2;74;72;72;48;2;188;194;199m▄[38;2;137;109;88;48;2;84;76;70m▄[38;2;142;103;78;48;2;161;130;107m▄[38;2;93;54;38;48;2;150;107;82m▄[38;2;87;47;37;48;2;102;61;42m▄[38;2;89;50;40;48;2;87;50;36m▄[38;2;88;52;39;48;2;86;52;43m▄[38;2;106;60;48;48;2;89;49;46m▄[38;2;121;74;52;48;2;105;60;44m▄[38;2;124;77;45;48;2;123;76;48m▄[38;2;124;77;44;48;2;125;75;46m▄[48;2;125;76;48m▄[38;2;127;75;41;48;2;113;74;53m▄[38;2;121;73;52;48;2;62;46;44m▄[38;2;51;37;44;48;2;16;14;30m▄[38;2;8;15;34;48;2;46;30;35m▄[38;2;43;35;37;48;2;103;70;56m▄[38;2;112;74;54;48;2;122;73;49m▄[38;2;130;75;48;48;2;129;73;49m▄[38;2;127;74;50;48;2;128;73;54m▄[38;2;129;73;46;48;2;129;73;51m▄[38;2;126;75;43;48;2;117;76;53m▄[38;2;122;75;48;48;2;70;43;37m▄[38;2;63;45;42;48;2;18;16;31m▄[38;2;14;15;37;48;2;7;16;43m▄[38;2;9;15;43;48;2;4;18;40m▄[38;2;8;16;44;48;2;3;19;39m▄[38;2;12;15;36;48;2;4;17;42m▄[38;2;50;34;37;48;2;11;14;38m▄[38;2;87;56;44;48;2;43;32;39m▄[38;2;91;57;40;48;2;81;56;49m▄[38;2;127;90;67;48;2;93;51;44m▄[38;2;182;145;107;48;2;126;85;72m▄[38;2;174;138;94;48;2;144;107;88m▄[38;2;151;112;80;48;2;93;54;41m▄[38;2;96;57;47;48;2;86;51;39m▄[38;2;57;35;41;48;2;55;36;43m▄[38;2;41;38;49;48;2;22;22;39m▄[38;2;48;43;56;48;2;158;160;169m▄[38;2;199;204;217;48;2;218;222;229m▄[38;2;152;164;177;48;2;216;223;232m▄[0m[7m[38;2;121;130;143m▄[0m       [0m
         [38;2;101;108;119;48;2;194;204;212m▄[38;2;212;218;225;48;2;218;223;224m▄[38;2;220;222;229;48;2;218;224;226m▄[38;2;218;224;227;48;2;217;224;226m▄[38;2;215;225;224;48;2;217;224;225m▄[38;2;214;222;224;48;2;217;224;226m▄[38;2;191;197;201m▄[38;2;76;69;68;48;2;192;198;203m▄[38;2;140;114;93;48;2;73;69;70m▄[38;2;138;100;80;48;2;137;112;95m▄[38;2;88;51;40;48;2;137;101;78m▄[38;2;88;49;40;48;2;91;52;35m▄[38;2;88;50;40;48;2;88;49;39m▄[38;2;88;49;39;48;2;88;48;42m▄[38;2;101;61;43;48;2;88;50;35m▄[38;2;119;76;48;48;2;100;65;37m▄[38;2;125;76;45;48;2;122;75;47m▄[38;2;125;75;45;48;2;125;75;47m▄[38;2;125;76;46;48;2;125;76;46m▄[38;2;125;76;48;48;2;124;77;46m▄▄[38;2;126;75;48;48;2;128;75;44m▄[38;2;128;74;50;48;2;130;71;46m▄[38;2;116;68;54;48;2;105;69;63m▄[38;2;77;45;45;48;2;25;21;35m▄[38;2;28;19;38;48;2;8;18;34m▄[38;2;8;13;37;48;2;37;31;35m▄[38;2;45;30;40;48;2;107;70;51m▄[38;2;105;70;53;48;2;125;75;44m▄[38;2;119;79;52;48;2;124;75;47m▄[38;2;127;76;47;48;2;127;75;44m▄[38;2;125;75;48;48;2;123;76;47m▄[38;2;124;74;49;48;2;113;75;57m▄[38;2;119;76;58;48;2;70;45;46m▄[38;2;71;45;43;48;2;18;13;33m▄[38;2;63;40;44;48;2;11;16;43m▄[38;2;116;72;59;48;2;61;41;45m▄[38;2;124;76;52;48;2;116;76;61m▄[38;2;136;98;65;48;2;120;77;53m▄[38;2;199;170;127;48;2;131;96;64m▄[38;2;212;187;139;48;2;201;170;130m▄[38;2;215;187;138;48;2;202;172;120m▄[38;2;192;159;113;48;2;177;141;89m▄[38;2;176;136;94;48;2;177;137;97m▄[38;2;178;133;94;48;2;152;113;89m▄[38;2;108;85;77;48;2;63;40;38m▄[38;2;13;13;27;48;2;44;37;49m▄[38;2;66;48;52;48;2;51;38;47m▄[38;2;33;28;37;48;2;88;94;108m▄[0m[7m[38;2;53;64;75m▄[0m        [0m
          [7m[38;2;110;117;130m▄[0m[38;2;110;119;126;48;2;214;218;229m▄[38;2;212;219;222;48;2;217;224;226m▄[38;2;219;221;221;48;2;216;225;223m▄[38;2;214;220;221;48;2;216;223;224m▄[38;2;90;80;84;48;2;116;117;121m▄[38;2;163;130;107;48;2;130;106;95m▄[38;2;98;63;36;48;2;137;102;75m▄[38;2;87;51;32;48;2;89;53;34m▄[38;2;87;49;41;48;2;87;49;41m▄[38;2;87;50;42;48;2;87;49;44m▄[38;2;93;58;45;48;2;87;51;39m▄[38;2;119;75;54;48;2;102;62;45m▄[38;2;126;73;47;48;2;120;74;52m▄[38;2;130;73;43;48;2;126;74;47m▄[38;2;128;75;45;48;2;126;75;46m▄[38;2;127;75;46;48;2;126;76;46m▄▄[38;2;126;76;47;48;2;126;76;48m▄[38;2;126;76;48m▄[38;2;124;75;48;48;2;125;76;47m▄[38;2;107;64;43;48;2;121;73;47m▄[38;2;88;49;39;48;2;97;54;39m▄[38;2;83;50;41;48;2;86;49;42m▄[38;2;84;48;46;48;2;71;46;55m▄[38;2;62;40;49;48;2;21;16;34m▄[38;2;10;15;39;48;2;13;13;36m▄[38;2;8;19;33;48;2;41;30;29m▄[38;2;49;34;33;48;2;107;79;61m▄[38;2;124;75;53;48;2;127;77;52m▄[38;2;127;74;50;48;2;128;75;50m▄[38;2;128;75;49;48;2;128;74;49m▄[38;2;127;76;45;48;2;128;74;47m▄[48;2;123;75;53m▄[38;2;124;76;46;48;2;122;75;58m▄[38;2;135;95;62;48;2;122;74;51m▄[38;2;201;170;128;48;2;135;96;63m▄[38;2;213;188;140;48;2;202;173;130m▄[38;2;212;188;141;48;2;212;187;141m▄[48;2;211;187;140m▄[38;2;212;187;139;48;2;211;185;138m▄[38;2;215;186;143;48;2;212;182;137m▄[38;2;209;172;129;48;2;184;146;102m▄[38;2;181;139;100;48;2;181;134;94m▄[38;2;113;91;83;48;2;115;92;82m▄[38;2;15;12;27;48;2;11;14;26m▄[38;2;71;50;52;48;2;68;48;50m▄[38;2;46;35;41;48;2;51;39;44m▄[0m         [0m
            [7m[38;2;101;111;121m▄[0m[38;2;102;115;122;48;2;205;221;224m▄[38;2;156;161;172;48;2;187;193;200m▄[38;2;113;89;77;48;2;85;63;59m▄[38;2;142;101;80;48;2;165;125;100m▄[38;2;83;49;36;48;2;89;53;38m▄[38;2;84;49;45;48;2;85;48;41m▄[38;2;86;49;46;48;2;85;49;44m▄[38;2;94;53;38;48;2;89;50;37m▄[38;2;121;74;46;48;2;110;66;42m▄[38;2;125;74;44;48;2;125;75;46m▄[38;2;126;74;45;48;2;127;74;44m▄[48;2;128;74;44m▄[38;2;126;75;46;48;2;126;75;46m▄[38;2;126;76;48;48;2;126;76;47m▄[38;2;125;75;48;48;2;126;75;46m▄[38;2;123;76;50;48;2;126;76;47m▄[38;2;109;66;45;48;2;123;76;50m▄[38;2;90;51;37;48;2;111;68;48m▄[38;2;85;49;40;48;2;90;52;42m▄[38;2;84;49;41;48;2;85;48;41m▄[38;2;84;50;42;48;2;83;49;44m▄[38;2;86;48;47;48;2;86;47;47m▄[38;2;62;45;46;48;2;64;45;44m▄[38;2;10;15;39;48;2;10;15;38m▄[38;2;6;16;38;48;2;5;17;39m▄[38;2;39;30;36;48;2;39;30;36m▄[38;2;121;75;54;48;2;122;75;53m▄[38;2;126;75;49;48;2;127;75;50m▄[48;2;126;75;49m▄[38;2;125;76;46;48;2;125;76;49m▄[38;2;124;78;44;48;2;124;77;47m▄[38;2;172;130;94;48;2;141;98;66m▄[38;2;217;181;142;48;2;204;168;131m▄[38;2;213;185;141;48;2;213;186;141m▄[38;2;210;187;140;48;2;211;188;140m▄[38;2;211;187;141;48;2;211;188;141m▄[38;2;212;188;142;48;2;212;188;141m▄[38;2;213;187;141;48;2;213;187;140m▄[38;2;213;185;142;48;2;214;185;142m▄[38;2;214;182;139;48;2;215;184;139m▄[38;2;207;169;130;48;2;200;163;122m▄[38;2;109;90;81;48;2;110;90;81m▄[38;2;15;14;28;48;2;17;14;27m▄[38;2;62;46;48;48;2;72;51;51m▄[38;2;12;14;24;48;2;25;24;35m▄[0m         [0m
              [38;2;69;54;52;48;2;37;36;45m▄[38;2;161;120;99;48;2;126;101;82m▄[38;2;88;55;37;48;2;119;79;62m▄[38;2;83;51;41;48;2;86;51;40m▄[38;2;84;49;44;48;2;85;50;46m▄[38;2;80;52;44m▄[38;2;102;62;45;48;2;97;56;40m▄[38;2;125;74;47;48;2;123;75;47m▄[38;2;125;74;45;48;2;125;74;45m▄[38;2;125;75;45;48;2;126;74;45m▄▄[38;2;128;75;46;48;2;126;75;46m▄[38;2;125;74;49;48;2;126;75;47m▄[38;2;110;65;45;48;2;124;76;49m▄[38;2;89;50;38;48;2;110;68;47m▄[38;2;87;50;40;48;2;89;51;34m▄[38;2;85;51;41;48;2;86;51;40m▄[38;2;85;51;42;48;2;85;51;42m▄[38;2;85;51;43m▄[38;2;85;51;41;48;2;84;51;39m▄[38;2;85;50;41;48;2;86;50;43m▄[38;2;62;44;43;48;2;62;43;48m▄[38;2;10;15;38;48;2;10;14;39m▄[38;2;7;17;38;48;2;6;16;38m▄[38;2;39;31;39;48;2;39;30;37m▄[38;2;121;75;55;48;2;120;75;54m▄[38;2;126;77;48;48;2;126;76;48m▄[38;2;126;78;46;48;2;125;76;47m▄[38;2;158;112;76;48;2;126;78;43m▄[38;2;150;103;69;48;2;125;79;43m▄[38;2;121;76;40;48;2;132;89;52m▄[38;2;140;102;64;48;2;185;148;109m▄[38;2;201;170;129;48;2;213;184;141m▄[38;2;212;186;143;48;2;211;186;140m▄[38;2;213;187;142;48;2;211;187;140m▄[38;2;213;186;141;48;2;212;188;142m▄[38;2;212;186;140;48;2;212;188;141m▄[38;2;214;186;144;48;2;213;185;143m▄[38;2;184;150;109;48;2;212;179;138m▄[38;2;134;94;58;48;2;143;104;68m▄[38;2;111;91;82;48;2;111;91;82m▄[38;2;13;15;33;48;2;15;15;33m▄[38;2;54;46;55;48;2;56;44;50m▄[38;2;7;9;21;48;2;6;9;20m▄[0m         [0m
              [38;2;122;104;91;48;2;90;75;67m▄[38;2;120;77;60;48;2;134;91;72m▄[38;2;85;50;38;48;2;86;50;36m▄[38;2;86;49;37;48;2;85;50;37m▄[38;2;78;51;49;48;2;83;51;47m▄[38;2;52;29;28;48;2;56;31;26m▄[38;2;98;58;41;48;2;107;67;49m▄[38;2;125;76;48;48;2;126;75;48m▄[38;2;125;76;46;48;2;126;75;46m▄[38;2;127;75;47;48;2;125;75;45m▄[38;2;124;75;48m▄[38;2;119;74;52;48;2;126;76;50m▄[38;2;80;50;40;48;2;110;70;53m▄[38;2;55;35;36;48;2;82;51;41m▄[38;2;84;50;43;48;2;86;50;41m▄[38;2;86;50;42;48;2;87;50;41m▄[38;2;85;50;42;48;2;85;50;42m▄[38;2;84;51;41;48;2;84;51;42m▄[38;2;85;51;42;48;2;85;51;43m▄[38;2;84;51;41;48;2;85;51;41m▄[38;2;84;52;40;48;2;85;51;40m▄[38;2;61;44;43;48;2;62;44;42m▄[38;2;9;16;36;48;2;10;16;37m▄[38;2;6;17;38;48;2;7;18;38m▄[38;2;39;30;39;48;2;39;31;40m▄[38;2;120;77;55;48;2;121;77;57m▄[38;2;134;87;54;48;2;123;74;44m▄[38;2;175;130;90;48;2;154;107;72m▄[38;2;180;135;90;48;2;179;133;93m▄[38;2;180;135;92;48;2;176;130;91m▄[38;2;178;133;91;48;2;141;96;59m▄[38;2;141;99;59;48;2;120;79;42m▄[38;2;131;94;55;48;2;187;153;114m▄[38;2;207;176;134;48;2;214;185;143m▄[38;2;215;185;141;48;2;214;186;142m▄[48;2;214;186;141m▄[38;2;213;186;140;48;2;211;186;139m▄[38;2;176;145;106;48;2;211;181;141m▄[38;2;131;93;54;48;2;154;118;79m▄[38;2;174;129;93;48;2;160;118;83m▄[38;2;109;89;77;48;2;110;90;80m▄[38;2;8;12;33;48;2;13;16;35m▄[38;2;10;15;33;48;2;35;33;50m▄[0m          [0m
             [38;2;34;30;38;48;2;20;23;34m▄[38;2;142;113;92;48;2;145;116;101m▄[38;2;88;52;43;48;2;99;59;45m▄[38;2;83;50;39;48;2;81;52;39m▄[38;2;75;49;44;48;2;80;52;46m▄[38;2;46;26;29;48;2;61;39;40m▄[38;2;79;49;43;48;2;68;43;45m▄[38;2;86;50;37;48;2;90;51;38m▄[38;2;109;66;43;48;2;118;74;46m▄[38;2;123;76;47;48;2;123;76;46m▄[38;2;120;71;49;48;2;127;73;51m▄[38;2;94;55;35;48;2;117;73;52m▄[38;2;85;49;42;48;2;92;52;39m▄[38;2;64;39;38;48;2;65;41;38m▄[38;2;56;31;36;48;2;53;35;41m▄[38;2;83;51;44;48;2;83;51;43m▄[38;2;84;51;43;48;2;84;51;43m▄[38;2;85;51;42;48;2;85;51;42m▄[38;2;85;51;41;48;2;85;51;41m▄[38;2;86;51;40m▄[38;2;83;51;45;48;2;84;51;43m▄[38;2;81;51;46;48;2;83;52;43m▄[38;2;60;44;51;48;2;60;44;48m▄[38;2;9;16;38;48;2;8;15;36m▄[38;2;6;17;38;48;2;5;16;36m▄[38;2;51;42;50;48;2;38;29;38m▄[38;2;166;124;96;48;2;132;90;64m▄[38;2;181;135;96;48;2;172;127;88m▄[38;2;180;135;92;48;2;179;134;89m▄[38;2;181;136;91m▄[38;2;181;136;93;48;2;180;135;92m▄[38;2;181;136;94;48;2;180;135;93m▄[48;2;177;133;92m▄[38;2;167;122;83;48;2;134;91;52m▄[38;2;141;103;63;48;2;172;135;95m▄[38;2;213;181;138;48;2;215;184;140m▄[38;2;216;183;139;48;2;216;184;140m▄[38;2;198;161;119;48;2;211;176;133m▄[38;2;142;102;64;48;2;148;111;74m▄[38;2;171;128;89;48;2;154;114;75m▄[38;2;179;135;93;48;2;179;135;93m▄[38;2;111;92;76;48;2;110;90;75m▄[38;2;5;11;27;48;2;5;10;29m▄[0m           [0m
            [38;2;9;10;18m▄[38;2;146;117;103;48;2;94;78;80m▄[38;2;98;65;47;48;2;110;80;58m▄[38;2;84;51;40;48;2;83;50;41m▄[38;2;83;50;48;48;2;86;50;42m▄[38;2;45;24;30;48;2;64;40;40m▄[38;2;62;42;44;48;2;51;35;37m▄[38;2;84;50;42;48;2;83;52;42m▄[38;2;86;47;41;48;2;84;49;40m▄[38;2;97;54;44;48;2;105;61;45m▄[38;2;91;56;39;48;2;115;75;50m▄[38;2;82;51;35;48;2;92;54;33m▄[38;2;82;50;41;48;2;84;52;34m▄[38;2;82;51;45;48;2;83;51;46m▄[38;2;64;40;42;48;2;64;39;41m▄[38;2;52;34;40;48;2;55;32;37m▄[38;2;84;51;43;48;2;82;51;46m▄[38;2;85;51;42;48;2;83;51;45m▄[38;2;85;50;41;48;2;84;51;44m▄[38;2;86;50;44;48;2;86;50;41m▄[38;2;77;50;49;48;2;87;50;41m▄[38;2;65;39;41;48;2;83;50;46m▄[38;2;47;21;18;48;2;78;51;47m▄[38;2;35;31;39;48;2;46;36;43m▄[38;2;8;15;40;48;2;9;16;40m▄[38;2;9;16;41;48;2;6;18;42m▄[38;2;54;45;49;48;2;52;45;51m▄[38;2;174;132;101;48;2;174;132;102m▄[38;2;181;135;96;48;2;181;135;96m▄[38;2;180;134;92;48;2;180;135;92m▄[38;2;180;135;91;48;2;180;135;91m▄[38;2;180;134;92;48;2;180;135;93m▄[38;2;180;134;93m▄[38;2;181;135;94;48;2;181;136;94m▄[38;2;181;135;96;48;2;181;136;96m▄[38;2;176;130;91;48;2;148;107;67m▄[38;2;137;91;53;48;2;164;127;86m▄[38;2;161;116;78;48;2;216;177;136m▄[38;2;149;106;67;48;2;145;105;65m▄[38;2;178;134;96;48;2;177;135;97m▄[38;2;177;135;97;48;2;178;134;95m▄[38;2;147;118;102;48;2;169;128;96m▄[38;2;16;13;33;48;2;91;78;75m▄[38;2;2;10;30;48;2;4;11;28m▄[0m           [0m
            [38;2;103;87;87;48;2;20;17;24m▄[38;2;135;100;74;48;2;146;112;88m▄[38;2;87;48;36;48;2;87;51;39m▄[38;2;81;47;42;48;2;86;50;47m▄[38;2;50;30;38;48;2;76;47;51m▄[38;2;59;43;41;48;2;44;27;31m▄[38;2;82;49;37;48;2;76;48;49m▄[38;2;86;46;39;48;2;87;47;40m▄[38;2;89;48;42;48;2;89;47;39m▄[38;2;85;49;46;48;2;86;48;43m▄[38;2;87;48;45;48;2;84;51;40m▄[38;2;87;49;44;48;2;83;51;42m▄[38;2;84;50;46;48;2;83;50;47m▄[38;2;83;50;44;48;2;82;51;46m▄[38;2;66;40;40;48;2;64;41;41m▄[38;2;51;33;39;48;2;52;34;40m▄[38;2;76;53;51;48;2;83;51;43m▄[38;2;55;39;42;48;2;85;51;43m▄[38;2;32;23;33;48;2;79;49;44m▄[38;2;31;21;32;48;2;60;41;43m▄[38;2;64;46;45;48;2;35;24;32m▄[38;2;78;53;49;48;2;47;31;38m▄[38;2;62;47;48;48;2;68;45;44m▄[38;2;15;18;36;48;2;37;33;45m▄[38;2;10;15;43;48;2;11;14;40m▄[38;2;28;19;32;48;2;18;13;29m▄[38;2;144;117;101;48;2;62;48;47m▄[38;2;178;134;96;48;2;174;133;99m▄[38;2;180;134;93;48;2;181;135;95m▄[48;2;180;134;93m▄[48;2;180;134;92m▄[48;2;180;134;93m▄▄[38;2;181;136;94;48;2;181;135;95m▄[38;2;181;135;95;48;2;181;135;96m▄[38;2;180;135;94;48;2;179;133;94m▄[38;2;178;132;92;48;2;151;105;67m▄[38;2;179;133;94;48;2;152;106;68m▄[38;2;180;133;95;48;2;177;132;93m▄[38;2;178;134;95;48;2;178;133;93m▄[38;2;159;130;101;48;2;179;135;98m▄[38;2;30;27;33;48;2;90;71;65m▄[38;2;2;8;23;48;2;8;11;32m▄[0m[7m[38;2;3;10;26m▄[0m           [0m
            [38;2;102;81;77;48;2;113;91;86m▄[38;2;91;56;43;48;2;109;74;53m▄[38;2;83;51;45;48;2;85;49;38m▄[38;2;57;35;36;48;2;81;52;48m▄[38;2;41;27;34;48;2;34;20;29m▄[38;2;78;50;44;48;2;69;48;43m▄[38;2;80;52;46;48;2;83;51;38m▄[38;2;57;39;37;48;2;80;50;45m▄[38;2;61;39;36;48;2;73;42;37m▄[38;2;85;51;38;48;2;85;49;43m▄[38;2;85;49;40;48;2;89;49;43m▄[38;2;82;52;44;48;2;86;49;44m▄[38;2;75;52;43;48;2;81;51;43m▄[38;2;63;47;43;48;2;79;51;45m▄[38;2;34;28;33;48;2;62;42;44m▄[38;2;14;16;29;48;2;38;30;40m▄[38;2;17;19;35;48;2;26;25;38m▄[38;2;37;24;29;48;2;26;19;28m▄[38;2;78;51;46;48;2;56;43;47m▄[38;2;86;48;39;48;2;76;50;49m▄[38;2;78;50;44;48;2;81;50;40m▄[38;2;50;38;40;48;2;77;51;43m▄[38;2;13;18;36;48;2;30;25;33m▄[38;2;6;16;38;48;2;7;16;37m▄[38;2;16;16;33;48;2;8;13;38m▄[38;2;93;66;53;48;2;58;42;46m▄[38;2;173;132;92;48;2;170;133;103m▄[38;2;179;135;91;48;2;179;135;92m▄[38;2;180;134;92;48;2;179;134;91m▄[38;2;181;135;94;48;2;179;133;92m▄[38;2;180;134;95;48;2;180;134;93m▄[38;2;180;134;94m▄[38;2;180;135;93;48;2;180;135;93m▄[38;2;181;136;94;48;2;181;136;93m▄[48;2;181;136;94m▄[48;2;180;135;93m▄[48;2;180;134;93m▄[38;2;181;135;96;48;2;180;134;95m▄[38;2;183;134;96;48;2;183;134;96m▄[38;2;156;119;99;48;2;175;135;103m▄[38;2;29;24;32;48;2;83;70;60m▄[38;2;2;8;22;48;2;7;11;26m▄[0m             [0m
           [38;2;63;56;62;48;2;20;21;25m▄[38;2;123;91;81;48;2;102;79;76m▄[38;2;82;51;41;48;2;85;49;43m▄[38;2;69;48;44;48;2;79;52;50m▄[38;2;35;22;26;48;2;43;31;34m▄[38;2;75;50;43;48;2;65;45;37m▄[38;2;74;47;48;48;2;80;49;45m▄[38;2;33;23;33;48;2;67;51;54m▄[38;2;59;39;39;48;2;46;27;28m▄[38;2;82;53;51;48;2;77;48;49m▄[38;2;72;50;45;48;2;81;51;36m▄[38;2;53;39;43;48;2;80;53;44m▄[38;2;16;15;38;48;2;66;45;47m▄[38;2;12;14;35;48;2;38;31;41m▄[38;2;18;17;32;48;2;15;15;35m▄[38;2;73;52;48;48;2;19;18;30m▄[38;2;115;76;60;48;2;72;56;52m▄[38;2;49;32;32;48;2;59;47;49m▄[38;2;68;48;48;48;2;58;37;38m▄[38;2;80;50;41;48;2;82;50;41m▄[38;2;79;49;50;48;2;88;46;44m▄[38;2;33;21;39;48;2;62;37;47m▄[38;2;12;15;40;48;2;14;16;38m▄[38;2;8;16;36;48;2;6;17;41m▄[38;2;47;29;32;48;2;20;19;36m▄[38;2;122;80;61;48;2;77;50;43m▄[38;2;162;119;87;48;2;138;98;74m▄[38;2;178;135;96;48;2;177;134;98m▄[38;2;179;135;93;48;2;178;135;93m▄[38;2;178;134;92;48;2;180;135;93m▄[38;2;137;92;53;48;2;157;112;72m▄[38;2;152;105;73;48;2;173;126;92m▄[38;2;182;136;97;48;2;181;135;97m▄[38;2;180;135;92;48;2;180;136;93m▄[38;2;180;135;91;48;2;181;136;93m▄[38;2;181;136;94;48;2;181;136;94m▄[38;2;176;130;89;48;2;180;135;94m▄[38;2;132;87;47;48;2;171;126;85m▄[38;2;165;120;81;48;2;175;130;91m▄[38;2;159;130;104;48;2;177;136;101m▄[38;2;36;28;37;48;2;104;81;78m▄[0m[7m[38;2;7;10;26m▄[0m              [0m
           [38;2;56;45;53;48;2;69;53;60m▄[38;2;93;61;47;48;2;129;88;69m▄[38;2;76;54;44;48;2;80;55;41m▄[38;2;34;24;29;48;2;50;36;31m▄[38;2;70;47;42;48;2;49;34;36m▄[38;2;55;40;46;48;2;81;52;50m▄[38;2;17;16;38;48;2;53;32;41m▄[38;2;8;16;38;48;2;17;14;29m▄[38;2;14;15;28;48;2;58;48;51m▄[38;2;17;12;35;48;2;56;43;52m▄[38;2;30;23;42;48;2;22;21;40m▄[38;2;72;45;44;48;2;16;15;33m▄[38;2;103;74;68;48;2;33;26;41m▄[38;2;64;47;41;48;2;31;26;37m▄[38;2;98;68;45;48;2;77;57;48m▄[38;2;119;76;56;48;2;117;74;54m▄[38;2;70;42;45;48;2;111;68;54m▄[38;2;54;35;36;48;2;50;32;33m▄[38;2;76;54;47;48;2;73;53;52m▄[38;2;47;36;39;48;2;80;53;46m▄[38;2;5;15;40;48;2;42;28;36m▄[38;2;6;14;43;48;2;11;16;40m▄[38;2;14;14;35;48;2;8;14;36m▄[38;2;89;60;58;48;2;29;20;32m▄[38;2;121;74;50;48;2;97;61;50m▄[38;2;137;92;56;48;2;125;80;50m▄[38;2;179;135;95;48;2;165;121;84m▄[38;2;178;135;93;48;2;178;135;92m▄[38;2;180;134;93;48;2;180;135;92m▄[48;2;179;133;92m▄[38;2;171;125;86;48;2;144;99;60m▄[38;2;129;83;46;48;2;136;89;56m▄[38;2;170;123;87;48;2;179;133;95m▄[38;2;179;133;96;48;2;179;134;92m▄[38;2;180;135;93;48;2;180;135;91m▄[38;2;173;127;86;48;2;181;135;92m▄[38;2;133;85;48;48;2;154;107;68m▄[38;2;171;128;85;48;2;146;100;59m▄[38;2;158;125;102;48;2;176;132;95m▄[38;2;28;22;28;48;2;103;85;71m▄[0m[7m[38;2;8;8;17m▄[0m               [0m
           [38;2;30;28;36;48;2;33;27;34m▄[38;2;74;53;51;48;2;79;53;45m▄[38;2;35;24;36;48;2;63;45;46m▄[38;2;48;40;48;48;2;41;31;37m▄[38;2;22;20;32;48;2;62;48;50m▄[38;2;11;16;34;48;2;19;17;31m▄[38;2;15;18;32;48;2;8;18;44m▄[38;2;40;30;41;48;2;6;17;44m▄[38;2;83;58;54;48;2;19;16;28m▄[38;2;83;58;50;48;2;50;36;45m▄[38;2;83;52;38;48;2;75;50;49m▄[38;2;120;76;48;48;2;124;76;50m▄[38;2;90;59;45;48;2;104;64;47m▄[38;2;76;45;44;48;2;72;48;44m▄[38;2;123;74;54;48;2;111;73;53m▄[38;2;101;64;49;48;2;122;75;51m▄[38;2;34;18;21;48;2;52;33;38m▄[38;2;65;48;53;48;2;62;43;47m▄[38;2;32;25;33;48;2;68;52;51m▄[38;2;7;17;35;48;2;22;22;32m▄[38;2;7;16;42;48;2;7;17;44m▄[38;2;32;28;41;48;2;10;14;36m▄[38;2;106;70;57;48;2;48;30;36m▄[38;2;123;75;48;48;2;108;69;49m▄[38;2;126;76;38;48;2;124;76;42m▄[38;2;153;107;67;48;2;152;106;70m▄[38;2;180;134;94;48;2;180;135;95m▄[48;2;179;134;94m▄[38;2;180;134;92;48;2;180;134;93m▄[38;2;179;133;92;48;2;179;133;92m▄[38;2;179;133;93;48;2;178;132;93m▄[38;2;154;107;72;48;2;143;97;60m▄[38;2;127;79;45;48;2;154;106;71m▄[38;2;177;129;91;48;2;181;133;96m▄[38;2;179;132;93;48;2;180;134;95m▄[38;2;146;101;65;48;2;151;105;67m▄[38;2;161;126;93;48;2;140;97;61m▄[38;2;66;50;54;48;2;160;128;111m▄[0m[7m[38;2;57;46;51m▄[0m                 [0m
           [38;2;43;37;43;48;2;30;27;34m▄[38;2;42;34;43;48;2;62;48;52m▄[38;2;14;14;33;48;2;11;13;34m▄[38;2;19;15;27;48;2;13;16;35m▄[38;2;50;42;46;48;2;8;16;34m▄[38;2;42;27;34;48;2;15;15;32m▄[38;2;110;74;60;48;2;58;41;41m▄[38;2;123;76;52;48;2;113;76;61m▄[38;2;112;76;60;48;2;110;74;60m▄[38;2;62;34;26;48;2;61;37;31m▄[38;2;119;75;53;48;2;117;74;53m▄[38;2;116;72;54;48;2;124;75;48m▄[38;2;66;40;36;48;2;85;57;47m▄[38;2;117;75;55;48;2;87;50;44m▄[38;2;118;74;47;48;2;124;74;51m▄[38;2;56;38;41;48;2;84;59;56m▄[38;2;28;26;50;48;2;43;33;44m▄[38;2;16;21;43;48;2;44;36;47m▄[38;2;7;16;39;48;2;11;15;36m▄[48;2;6;18;42m▄[38;2;38;29;33;48;2;10;16;32m▄[38;2;113;77;59;48;2;60;41;36m▄[38;2;125;75;49;48;2;120;75;52m▄[38;2;127;75;45;48;2;126;74;45m▄[38;2;140;90;54;48;2;139;89;53m▄[38;2;182;135;95;48;2;179;131;91m▄[38;2;179;133;92;48;2;179;133;92m▄[38;2;180;134;94;48;2;180;134;93m▄[38;2;179;132;96m▄[38;2;168;121;86;48;2;181;134;94m▄[38;2;131;82;49;48;2;170;122;84m▄[38;2;127;77;46;48;2;132;83;50m▄[38;2;126;75;45;48;2;125;76;43m▄[38;2;125;78;47;48;2;157;110;76m▄[38;2;128;91;59;48;2;150;105;66m▄[38;2;118;93;83;48;2;153;114;81m▄[38;2;21;17;26;48;2;103;84;74m▄[0m[7m[38;2;12;12;22m▄[0m              [38;2;15;17;29m▄[38;2;35;32;47m▄[38;2;18;19;33;48;2;8;10;21m▄[38;2;4;8;24;48;2;26;26;40m▄[0m
           [38;2;12;11;23;48;2;44;38;44m▄[38;2;74;52;51;48;2;28;19;30m▄[38;2;114;77;58;48;2;53;38;41m▄[38;2;122;75;51;48;2;99;64;51m▄[38;2;107;70;54;48;2;111;80;66m▄[38;2;70;43;36;48;2;58;34;34m▄[38;2;116;76;55;48;2;116;71;51m▄[38;2;113;77;55;48;2;122;76;49m▄[38;2;59;34;28;48;2;76;47;36m▄[38;2;121;75;55;48;2;104;69;56m▄[38;2;126;73;54;48;2;123;73;52m▄[38;2;64;34;26;48;2;108;67;54m▄[38;2;103;73;62;48;2;67;42;36m▄[38;2;119;76;48;48;2;120;76;45m▄[38;2;86;64;55;48;2;108;75;45m▄[38;2;15;20;25;48;2;31;25;27m▄[38;2;5;17;38;48;2;9;15;47m▄[38;2;5;17;42;48;2;5;18;45m▄[38;2;9;14;35;48;2;7;16;41m▄[38;2;43;28;33;48;2;13;14;31m▄[38;2;116;76;58;48;2;85;60;52m▄[38;2;128;74;48;48;2;124;75;50m▄[38;2;127;75;45;48;2;128;75;46m▄[38;2;129;80;51;48;2;128;76;45m▄[38;2;171;129;96;48;2;142;94;58m▄[38;2;180;136;96;48;2;182;136;94m▄[38;2;181;136;95;48;2;179;134;92m▄[38;2;166;120;80;48;2;179;133;91m▄[38;2;129;82;51;48;2;166;120;88m▄[38;2;125;78;49;48;2;129;81;52m▄[38;2;125;77;48;48;2;126;77;48m▄[38;2;128;74;43;48;2;128;75;44m▄[38;2;128;78;47;48;2;130;76;43m▄[38;2;137;105;88;48;2;126;82;51m▄[38;2;37;26;34;48;2;130;102;86m▄[0m[7m[38;2;32;23;30m▄[0m              [38;2;24;24;34m▄[38;2;38;37;48;48;2;12;14;25m▄[38;2;7;13;31;48;2;30;30;41m▄[38;2;1;9;23;48;2;10;15;30m▄[0m[7m[38;2;2;6;20m▄[0m [0m
           [38;2;47;37;46;48;2;23;16;29m▄[38;2;124;76;50;48;2;115;74;51m▄[38;2;126;76;46;48;2;127;75;46m▄[38;2;122;75;57;48;2;125;76;51m▄[38;2;73;43;36;48;2;71;38;31m▄[38;2;104;65;42;48;2;100;68;51m▄[38;2;121;78;53;48;2;117;78;52m▄[38;2;74;42;30;48;2;94;61;46m▄[38;2;98;64;50;48;2;79;47;41m▄[38;2;119;74;48;48;2;122;73;52m▄[38;2;88;57;45;48;2;121;73;58m▄[38;2;86;58;49;48;2;58;34;33m▄[38;2;89;63;58;48;2;110;72;55m▄[38;2;28;23;39;48;2;92;65;52m▄[38;2;9;14;40;48;2;30;22;39m▄[38;2;5;16;42;48;2;5;16;35m▄[38;2;6;16;44;48;2;7;17;38m▄[38;2;7;17;41;48;2;7;18;42m▄[38;2;51;35;38;48;2;22;22;39m▄[38;2;122;75;55;48;2;91;59;50m▄[38;2;129;74;46;48;2;127;74;49m▄[38;2;128;74;45;48;2;129;72;44m▄[38;2;124;75;47;48;2;124;76;48m▄[38;2;115;74;51;48;2;121;78;53m▄[38;2;76;48;37;48;2;131;95;69m▄[38;2;155;106;81;48;2;178;134;100m▄[38;2;132;82;46;48;2;163;116;83m▄[38;2;123;76;43;48;2;130;83;51m▄[38;2;124;76;51;48;2;124;77;47m▄[38;2;123;76;49;48;2;123;76;47m▄[38;2;121;77;46;48;2;123;76;46m▄[38;2;117;79;51;48;2;125;77;45m▄[38;2;64;47;44;48;2;128;90;72m▄[0m[7m[38;2;69;58;59m▄[0m              [38;2;33;31;43;48;2;6;8;19m▄[38;2;34;30;42;48;2;25;26;38m▄[38;2;6;13;36;48;2;34;34;45m▄[38;2;3;10;27;48;2;14;19;38m▄[0m    [0m
           [38;2;85;55;52;48;2;52;34;39m▄[38;2;125;76;51;48;2;124;76;52m▄[38;2;126;76;45;48;2;126;76;45m▄[38;2;93;58;49;48;2;99;59;44m▄[38;2;87;51;37;48;2;82;49;41m▄[38;2;123;77;50;48;2;120;78;51m▄[38;2;93;57;43;48;2;114;73;53m▄[38;2;84;52;41;48;2;78;46;34m▄[38;2;115;76;61;48;2;104;68;51m▄[38;2;58;40;47;48;2;106;75;60m▄[38;2;13;14;35;48;2;53;40;41m▄[38;2;8;16;31;48;2;71;56;53m▄[38;2;5;19;40;48;2;24;20;31m▄[38;2;6;17;42;48;2;9;14;40m▄[38;2;7;16;42;48;2;7;15;43m▄[38;2;7;16;43;48;2;6;15;43m▄[38;2;11;15;39;48;2;7;16;42m▄[38;2;59;40;43;48;2;23;21;35m▄[38;2;115;74;59;48;2;104;73;65m▄[38;2;129;74;46;48;2;126;74;49m▄[38;2;127;75;47;48;2;127;75;47m▄[38;2;127;75;48;48;2;126;74;47m▄[38;2;124;75;49;48;2;128;74;43m▄[38;2;85;53;37;48;2;116;73;48m▄[38;2;114;77;58;48;2;81;47;31m▄[38;2;122;76;43;48;2;128;75;51m▄[38;2;125;74;48;48;2;128;75;48m▄[38;2;129;73;43;48;2;126;74;49m▄[38;2;126;76;43;48;2;126;76;49m▄[38;2;115;76;58;48;2;126;76;48m▄[38;2;70;45;46;48;2;124;77;51m▄[38;2;14;8;20;48;2;80;57;51m▄[0m[7m[38;2;16;12;18m▄[0m             [38;2;23;22;36m▄[38;2;43;38;45;48;2;33;29;44m▄[38;2;10;14;31;48;2;42;37;48m▄[0m[7m[38;2;9;13;27m▄[38;2;1;8;23m▄[0m     [0m
          [38;2;20;20;26;48;2;21;20;28m▄[38;2;108;79;53;48;2;114;78;61m▄[38;2;127;75;48;48;2;127;75;47m▄[38;2;112;72;57;48;2;119;74;43m▄[38;2;64;36;29;48;2;73;40;32m▄[38;2;121;75;55;48;2;108;68;51m▄[38;2;106;71;51;48;2;118;77;54m▄[38;2;51;37;37;48;2;88;57;55m▄[38;2;47;38;50;48;2;76;52;54m▄[38;2;12;17;35;48;2;57;41;42m▄[38;2;9;14;31;48;2;14;17;37m▄[38;2;5;17;40;48;2;5;16;40m▄[38;2;3;17;41;48;2;5;16;38m▄[38;2;6;17;39;48;2;5;17;39m▄[38;2;6;17;40;48;2;7;17;40m▄[48;2;9;16;40m▄[38;2;8;16;37;48;2;8;15;41m▄[38;2;61;47;50;48;2;24;17;32m▄[38;2;118;77;56;48;2;98;65;51m▄[38;2;125;77;50;48;2;125;76;50m▄[38;2;128;75;45;48;2;131;74;43m▄[38;2;125;74;44;48;2;127;75;47m▄[38;2;122;77;45;48;2;123;77;47m▄[38;2;101;70;54;48;2;116;79;57m▄[38;2;53;31;28;48;2;59;36;28m▄[38;2;105;71;61;48;2;109;74;48m▄[38;2;97;69;56;48;2;123;75;46m▄[38;2;85;68;63;48;2;120;74;49m▄[38;2;31;24;35;48;2;114;74;53m▄[38;2;26;19;29;48;2;113;76;61m▄[38;2;18;15;29;48;2;64;45;48m▄[0m[7m[38;2;10;11;28m▄[0m             [38;2;24;20;34m▄[38;2;59;45;56;48;2;25;20;33m▄[38;2;33;31;44;48;2;52;44;54m▄[38;2;9;18;34;48;2;18;22;40m▄[0m[7m[38;2;1;13;29m▄[0m [38;2;20;18;33m▄[38;2;25;19;33m▄[38;2;26;20;35m▄[38;2;41;37;46m▄[38;2;52;47;55;48;2;6;10;21m▄[38;2;52;46;55;48;2;5;8;18m▄[0m
          [38;2;80;59;58;48;2;23;20;25m▄[38;2;122;76;45;48;2;113;78;49m▄[38;2;117;75;52;48;2;124;74;49m▄[38;2;56;35;32;48;2;82;57;52m▄[38;2;108;76;65;48;2;87;57;44m▄[38;2;74;52;48;48;2;122;77;58m▄[38;2;21;17;34;48;2;75;51;48m▄[38;2;15;14;30;48;2;14;17;33m▄[38;2;56;46;46;48;2;6;16;34m▄[38;2;67;54;55;48;2;26;30;40m▄[38;2;15;16;32;48;2;11;18;37m▄[38;2;4;17;44;48;2;4;18;42m▄[38;2;3;18;43;48;2;4;18;41m▄[38;2;5;17;41;48;2;5;17;40m▄[48;2;6;17;40m▄[38;2;5;18;42;48;2;3;19;41m▄[38;2;6;17;40;48;2;8;16;32m▄[38;2;25;27;42;48;2;65;49;46m▄[38;2;94;66;49;48;2;120;76;52m▄[38;2;121;79;58;48;2;123;76;51m▄[38;2;122;78;49;48;2;124;76;48m▄[38;2;159;109;76;48;2;129;78;47m▄[38;2;179;135;98;48;2;147;103;68m▄[38;2;104;85;67;48;2;83;64;48m▄[38;2;15;18;26;48;2;52;48;45m▄[38;2;12;13;37;48;2;56;41;47m▄[38;2;7;14;40;48;2;11;12;30m▄[38;2;22;22;28;48;2;12;14;29m▄[38;2;91;63;51;48;2;26;21;28m▄[38;2;71;50;47;48;2;31;28;42m▄[0m             [38;2;24;22;33m▄[38;2;59;50;54;48;2;22;22;33m▄[38;2;45;32;44;48;2;59;46;53m▄[38;2;14;14;33;48;2;42;33;43m▄[38;2;10;12;32;48;2;14;14;31m▄[38;2;18;19;36;48;2;31;26;43m▄[38;2;23;24;41;48;2;35;31;47m▄[38;2;16;18;35;48;2;27;26;38m▄[38;2;8;14;35;48;2;42;38;53m▄[38;2;5;15;36;48;2;43;36;50m▄[38;2;5;13;31;48;2;44;37;51m▄[38;2;6;11;28;48;2;23;23;39m▄[38;2;6;11;27;48;2;8;13;27m▄[38;2;6;10;27;48;2;9;14;31m▄[0m
          [38;2;100;71;56;48;2;98;69;56m▄[38;2;116;78;53;48;2;120;78;46m▄[38;2;80;57;46;48;2;109;75;56m▄[38;2;15;15;29;48;2;45;30;32m▄[38;2;12;15;30;48;2;67;47;45m▄[38;2;21;19;32;48;2;20;15;27m▄[38;2;66;44;41;48;2;18;18;34m▄[38;2;114;75;54;48;2;62;47;45m▄[38;2;91;64;57;48;2;105;79;70m▄[38;2;24;22;40;48;2;45;30;36m▄[38;2;7;14;34;48;2;11;15;33m▄[38;2;8;15;35;48;2;7;16;38m▄[38;2;5;17;41;48;2;4;17;42m▄[38;2;4;17;44;48;2;4;17;43m▄[38;2;4;17;42;48;2;5;17;42m▄[48;2;5;17;41m▄[38;2;5;18;42;48;2;5;16;41m▄[38;2;4;18;43;48;2;7;16;38m▄[38;2;8;20;43;48;2;27;22;24m▄[38;2;67;48;47;48;2;100;67;49m▄[38;2;175;135;104;48;2;153;109;81m▄[38;2;183;135;94;48;2;180;130;94m▄[38;2;178;135;91;48;2;179;136;96m▄[38;2;176;136;102;48;2;162;132;109m▄[38;2;115;92;83;48;2;60;47;61m▄[38;2;15;21;36;48;2;10;13;43m▄[38;2;10;15;32;48;2;9;15;30m▄[38;2;93;65;48;48;2;77;62;48m▄[38;2;124;74;48;48;2;118;77;50m▄[38;2;127;77;55;48;2;115;78;57m▄[38;2;82;52;41;48;2;41;31;34m▄[0m[38;2;12;9;14m▄[0m     [38;2;12;17;31m▄[38;2;36;39;51m▄[38;2;37;34;48;48;2;4;9;22m▄[38;2;43;35;45;48;2;17;19;36m▄[38;2;37;32;46;48;2;20;20;37m▄[38;2;11;14;30;48;2;30;29;40m▄[38;2;6;12;31;48;2;48;41;48m▄[38;2;5;13;32;48;2;36;32;40m▄[38;2;4;10;29;48;2;11;11;31m▄[38;2;4;11;31;48;2;7;14;37m▄[38;2;4;10;28;48;2;6;12;31m▄[38;2;3;10;28;48;2;6;11;30m▄[38;2;1;12;34;48;2;6;12;32m▄[38;2;1;8;24;48;2;5;13;36m▄[0m[7m[38;2;2;13;33m▄[38;2;1;15;36m▄[38;2;1;13;31m▄[38;2;2;9;21m▄[38;2;2;8;22m▄[0m [0m
         [38;2;68;51;54;48;2;18;11;15m▄[38;2;89;61;59;48;2;104;69;56m▄[38;2;24;20;30;48;2;88;61;51m▄[0m[7m[38;2;26;20;28m▄[0m[38;2;2;9;23;48;2;2;10;28m▄[38;2;43;33;42;48;2;8;10;25m▄[38;2;115;75;57;48;2;74;50;44m▄[38;2;126;75;48;48;2;118;75;53m▄[38;2;117;76;59;48;2;121;75;52m▄[38;2;34;26;35;48;2;61;47;49m▄[38;2;7;16;38;48;2;7;15;37m▄[38;2;4;16;41m▄[38;2;4;16;40;48;2;6;16;38m▄[38;2;5;17;42;48;2;3;17;43m▄[38;2;4;17;45;48;2;4;18;44m▄[38;2;4;18;44m▄[38;2;3;17;42;48;2;4;18;43m▄[38;2;9;23;46;48;2;5;19;42m▄[38;2;18;33;57;48;2;12;25;51m▄[38;2;19;31;60;48;2;15;27;62m▄[38;2;33;31;46;48;2;36;33;53m▄[38;2;122;92;75;48;2;127;96;81m▄[38;2;179;134;95;48;2;180;135;94m▄[38;2;180;134;95;48;2;179;134;93m▄[38;2;180;133;93;48;2;180;134;92m▄[38;2;172;134;93;48;2;165;135;100m▄[38;2;136;113;95;48;2;31;30;31m▄[38;2;59;43;42;48;2;8;15;34m▄[38;2;40;28;27;48;2;82;62;51m▄[38;2;89;66;57;48;2;119;74;48m▄[38;2;102;66;54;48;2;124;76;49m▄[38;2;107;74;62;48;2;120;75;53m▄[38;2;122;78;56;48;2;98;63;53m▄[38;2;89;55;44;48;2;84;63;56m▄[38;2;42;25;27;48;2;78;58;55m▄[38;2;101;65;55;48;2;86;63;57m▄[38;2;112;73;61;48;2;59;42;46m▄[38;2;42;33;45;48;2;15;13;30m▄[38;2;5;12;31;48;2;14;15;36m▄[38;2;6;13;32;48;2;29;25;44m▄[38;2;5;14;36;48;2;27;23;43m▄[38;2;3;13;33;48;2;10;13;34m▄[38;2;3;15;34;48;2;6;13;33m▄[38;2;3;15;30;48;2;6;14;33m▄[38;2;3;12;28;48;2;8;14;33m▄[0m[7m[38;2;6;12;31m▄[38;2;5;12;30m▄▄[0m          [0m
         [7m[38;2;40;33;47m▄[38;2;22;15;31m▄[0m  [38;2;8;11;29;48;2;5;10;25m▄[38;2;78;55;48;48;2;53;36;34m▄[38;2;125;76;52;48;2;125;76;54m▄[38;2;116;77;58;48;2;124;76;54m▄[38;2;59;42;43;48;2;102;72;63m▄[38;2;11;14;34;48;2;20;19;34m▄[38;2;5;16;40;48;2;5;15;39m▄[38;2;7;15;40;48;2;4;16;41m▄[38;2;6;15;39;48;2;5;16;40m▄[38;2;7;16;38;48;2;5;16;41m▄[38;2;7;17;38;48;2;4;18;44m▄[48;2;4;18;43m▄[38;2;13;26;52;48;2;7;21;45m▄[38;2;19;29;59;48;2;18;31;58m▄[38;2;24;30;46;48;2;17;31;56m▄[38;2;106;91;80;48;2;26;32;51m▄[38;2;166;137;106;48;2;111;95;86m▄[38;2;162;134;109;48;2;171;137;99m▄[38;2;100;79;63;48;2;175;137;93m▄[38;2;154;129;106;48;2;176;135;93m▄[38;2;170;129;94;48;2;179;134;93m▄[38;2;171;133;96;48;2;173;136;98m▄[38;2;117;87;60;48;2;177;137;105m▄[38;2;169;129;102;48;2;176;135;101m▄[38;2;171;135;102;48;2;117;93;79m▄[38;2;161;133;107;48;2;76;67;60m▄[38;2;77;66;65;48;2;22;14;21m▄[38;2;13;14;33;48;2;55;43;47m▄[38;2;21;17;36;48;2;85;58;49m▄[38;2;76;55;52;48;2;111;78;63m▄[38;2;114;74;52;48;2;81;57;48m▄[38;2;21;20;32;48;2;39;26;31m▄[38;2;60;45;44;48;2;88;60;52m▄[38;2;43;37;41;48;2;44;34;41m▄[38;2;6;11;29;48;2;5;11;30m▄[38;2;2;9;25;48;2;2;10;27m▄[0m[7m[38;2;2;12;34m▄[38;2;1;13;29m▄[0m                [0m
             [38;2;21;18;28;48;2;12;12;31m▄[38;2;116;75;55;48;2;96;60;45m▄[38;2;128;76;50;48;2;129;75;48m▄[38;2;79;56;51;48;2;107;73;57m▄[38;2;9;15;36;48;2;25;18;27m▄[38;2;5;16;39;48;2;8;15;37m▄[38;2;4;15;40;48;2;5;15;40m▄[38;2;5;16;39;48;2;6;15;40m▄[38;2;7;18;41m▄[38;2;6;17;42;48;2;6;16;40m▄[38;2;6;18;43;48;2;6;17;39m▄[38;2;13;26;52;48;2;8;20;42m▄[38;2;14;31;66;48;2;18;30;63m▄[38;2;17;27;50;48;2;21;25;51m▄[38;2;59;51;56;48;2;83;79;77m▄[38;2;41;30;33;48;2;134;117;98m▄[38;2;45;29;38;48;2;109;91;75m▄[38;2;42;31;42;48;2;34;28;31m▄[38;2;29;29;41;48;2;13;14;29m▄[38;2;10;13;34;48;2;25;22;32m▄[38;2;13;13;31;48;2;89;71;65m▄[38;2;91;77;68;48;2;163;133;104m▄[38;2;171;130;100;48;2;145;112;83m▄[38;2;105;83;85;48;2;65;41;40m▄[38;2;21;20;29;48;2;118;92;81m▄[38;2;109;92;79;48;2;167;134;105m▄[38;2;99;82;78;48;2;102;84;70m▄[38;2;8;10;30;48;2;10;11;27m▄[38;2;2;17;35;48;2;10;12;43m▄[38;2;54;50;46;48;2;64;47;46m▄[38;2;44;36;38;48;2;97;67;54m▄[0m[7m[38;2;13;17;30m▄[38;2;46;39;48m▄[38;2;26;25;34m▄[0m                    [0m
            [38;2;10;9;30;48;2;6;7;25m▄[38;2;77;51;47;48;2;50;38;43m▄[38;2;118;75;54;48;2;118;76;55m▄[38;2;100;66;52;48;2;119;75;56m▄[38;2;18;15;29;48;2;48;36;42m▄[38;2;5;17;41;48;2;4;16;40m▄[38;2;6;18;42m▄[38;2;13;25;50;48;2;4;16;41m▄[38;2;12;24;45;48;2;6;19;40m▄[38;2;6;18;39;48;2;15;29;50m▄[38;2;11;15;35;48;2;8;20;47m▄[38;2;24;24;42m▄[38;2;25;25;42;48;2;18;31;58m▄[38;2;53;43;43;48;2;13;22;43m▄[38;2;67;45;49;48;2;30;28;42m▄[38;2;61;44;54;48;2;58;43;53m▄[38;2;22;25;37;48;2;58;39;48m▄[38;2;14;17;31;48;2;65;51;58m▄[38;2;12;14;31;48;2;47;41;48m▄[38;2;7;11;31;48;2;27;27;42m▄[38;2;3;12;29;48;2;8;13;34m▄[38;2;2;12;29;48;2;4;8;27m▄[38;2;26;27;37;48;2;28;22;29m▄[38;2;154;125;106;48;2;164;127;97m▄[38;2;81;73;67;48;2;105;83;71m▄[38;2;9;15;32;48;2;11;14;25m▄[38;2;14;20;37;48;2;43;44;53m▄[38;2;15;21;33;48;2;84;80;87m▄[38;2;1;8;24;48;2;3;10;32m▄[0m[7m[38;2;0;16;32m▄[38;2;16;31;39m▄[38;2;16;17;25m▄[0m                       [0m
            [38;2;23;21;35;48;2;11;11;29m▄[38;2;91;69;64;48;2;102;67;61m▄[38;2;58;36;31;48;2;117;78;61m▄[38;2;39;21;27;48;2;76;55;51m▄[38;2;49;35;38;48;2;15;13;29m▄[38;2;59;41;49;48;2;11;15;37m▄[38;2;54;41;54;48;2;14;17;40m▄[38;2;56;42;53;48;2;16;15;36m▄[38;2;67;52;59;48;2;37;32;47m▄[38;2;48;38;45;48;2;39;34;45m▄[38;2;32;25;36;48;2;50;34;38m▄[38;2;32;26;39;48;2;72;52;54m▄[38;2;32;25;40m▄[38;2;15;17;33;48;2;52;37;42m▄[38;2;6;13;34;48;2;33;25;39m▄[38;2;3;13;33;48;2;11;12;31m▄[38;2;5;13;33;48;2;5;14;34m▄[38;2;5;14;35;48;2;5;15;36m▄[38;2;4;13;33;48;2;5;13;34m▄[38;2;3;11;27;48;2;3;10;27m▄[38;2;3;12;32;48;2;2;11;27m▄[38;2;3;11;31;48;2;2;8;22m▄[38;2;9;13;28;48;2;24;24;36m▄[38;2;38;38;48;48;2;120;107;107m▄[0m[7m[38;2;16;12;30m▄[38;2;5;9;19m▄[0m                             [0m
         [38;2;24;22;31m▄[38;2;41;35;38m▄[38;2;54;39;41;48;2;12;14;31m▄[38;2;78;49;50;48;2;33;23;36m▄[38;2;79;48;44;48;2;46;26;33m▄[38;2;79;47;45;48;2;67;48;47m▄[38;2;62;42;43;48;2;72;48;40m▄[38;2;38;30;37;48;2;75;48;44m▄[38;2;9;10;30;48;2;65;45;50m▄[38;2;9;10;31;48;2;39;29;43m▄[38;2;6;12;33;48;2;20;14;33m▄[38;2;3;13;37;48;2;17;17;36m▄[38;2;3;13;36;48;2;7;15;33m▄[38;2;3;12;32;48;2;4;11;27m▄[38;2;4;12;31;48;2;5;11;30m▄[48;2;4;12;32m▄[38;2;3;12;31;48;2;1;13;31m▄[48;2;0;15;34m▄[38;2;4;12;31;48;2;1;16;37m▄[38;2;4;13;32;48;2;4;14;33m▄[38;2;4;12;31;48;2;5;13;33m▄[38;2;2;9;22;48;2;4;12;31m▄[0m[7m[38;2;2;10;25m▄[0m                                   [0m
   [38;2;25;20;37m▄[38;2;31;21;30m▄[38;2;65;47;51;48;2;11;10;22m▄[38;2;73;47;45;48;2;17;12;22m▄[38;2;79;52;49;48;2;43;35;45m▄[38;2;78;50;49;48;2;60;41;45m▄[38;2;64;44;43;48;2;68;45;43m▄[38;2;50;41;42;48;2;72;50;43m▄[38;2;18;18;34;48;2;73;52;47m▄[38;2;14;13;34;48;2;71;49;51m▄[38;2;6;12;32;48;2;42;31;37m▄[38;2;4;15;35;48;2;36;25;38m▄[38;2;4;9;28;48;2;22;18;35m▄[38;2;3;9;27;48;2;9;13;33m▄[38;2;2;12;32;48;2;3;11;30m▄[38;2;3;12;30;48;2;4;12;29m▄[38;2;3;12;29;48;2;4;12;30m▄[38;2;3;12;31;48;2;4;13;33m▄▄[38;2;3;12;30;48;2;4;13;32m▄▄[38;2;3;13;31m▄[38;2;2;8;21m▄[0m[7m[38;2;3;12;30m▄[38;2;2;10;25m▄[0m                                       [0m
[38;2;77;45;43;48;2;24;19;28m▄[38;2;81;48;44;48;2;43;31;38m▄[38;2;83;48;43;48;2;58;36;40m▄[38;2;75;47;43;48;2;77;48;51m▄[38;2;63;47;49;48;2;82;49;45m▄[38;2;35;26;35;48;2;82;52;47m▄[38;2;27;23;38;48;2;75;51;51m▄[38;2;10;12;28;48;2;56;37;41m▄[38;2;7;15;33;48;2;37;27;37m▄[38;2;5;14;33;48;2;12;12;25m▄[38;2;2;10;30;48;2;5;14;32m▄[38;2;3;14;36;48;2;5;16;37m▄[38;2;5;15;36;48;2;5;14;36m▄[38;2;5;13;35;48;2;5;13;35m▄▄[38;2;4;11;33;48;2;4;11;33m▄[38;2;4;12;34;48;2;4;12;33m▄[38;2;3;13;36;48;2;3;13;36m▄[38;2;4;13;32;48;2;4;13;32m▄[38;2;3;11;28;48;2;3;12;30m▄[38;2;2;11;31;48;2;3;11;27m▄[38;2;2;10;26m▄[0m[7m[38;2;2;11;27m▄[38;2;1;9;24m▄[0m                                           [0m
[38;2;47;35;45;48;2;77;49;50m▄[38;2;21;16;34;48;2;65;44;51m▄[38;2;8;11;30;48;2;50;36;48m▄[38;2;4;10;25;48;2;20;16;31m▄[38;2;4;11;28;48;2;11;18;34m▄[38;2;4;11;27;48;2;4;13;30m▄[38;2;4;11;28;48;2;5;11;26m▄[38;2;4;12;33;48;2;3;12;33m▄[38;2;4;12;30;48;2;3;14;32m▄[38;2;4;12;29;48;2;3;12;31m▄[48;2;3;10;28m▄[38;2;5;15;37;48;2;4;14;36m▄[38;2;5;15;36;48;2;5;15;36m▄[38;2;5;13;34;48;2;5;13;35m▄[38;2;5;12;34m▄[38;2;4;11;33;48;2;4;11;33m▄[38;2;2;11;32;48;2;3;11;33m▄[38;2;1;9;23;48;2;2;11;30m▄[0m[7m[38;2;2;11;28m▄[38;2;2;8;21m▄[0m                                               [0m
[38;2;3;10;27;48;2;8;11;31m▄[38;2;4;11;29;48;2;7;12;34m▄[38;2;4;11;30;48;2;6;11;33m▄[38;2;4;12;29;48;2;4;12;29m▄▄[38;2;4;12;30;48;2;4;12;31m▄[38;2;4;12;32;48;2;5;13;34m▄[48;2;5;13;35m▄[38;2;4;12;31;48;2;4;12;31m▄[38;2;4;12;30;48;2;4;12;29m▄▄[38;2;3;12;30;48;2;5;15;37m▄[38;2;2;10;25;48;2;5;15;36m▄[0m[7m[38;2;4;12;33m▄[38;2;4;10;24m▄[38;2;3;9;28m▄[0m                                                   [0m
[38;2;4;12;29;48;2;4;12;29m▄▄▄▄▄[38;2;3;10;25;48;2;4;11;28m▄[38;2;3;9;22;48;2;3;11;28m▄[38;2;4;13;32;48;2;4;13;32m▄[38;2;3;12;29;48;2;3;12;31m▄[0m[7m[38;2;3;12;30m▄[38;2;3;11;26m▄[0m                                                        [0m
[?25h